v 0 239 0
v 0 240 0
v 0 241 0
v 0 242 0
v 0 243 0
v 0 244 0
v 0 245 0
v 0 246 0
v 0 247 0
v 0 248 0
v 0 249 0
v 0 250 0
v 0 251 0
v 0 252 0
v 0 253 0
v 0 254 0
v 0 255 0
v 0 256 0
v 0 257 0
v 0 258 0
v 0 259 0
v 0 260 0
v 0 261 0
v 0 262 0
v 0 263 0
v 0 264 0
v 0 265 0
v 0 266 0
v 0 267 0
v 0 268 0
v 0 269 0
v 0 270 0
v 0 271 0
v 0 272 0
v 1 227 0
v 1 228 0
v 1 229 0
v 1 230 0
v 1 231 0
v 1 232 0
v 1 233 0
v 1 234 0
v 1 235 0
v 1 236 0
v 1 237 0
v 1 238 0
v 1 239 0
v 1 240 0
v 1 241 0
v 1 242 0
v 1 243 0
v 1 244 0
v 1 245 0
v 1 246 0
v 1 247 0
v 1 248 0
v 1 249 0
v 1 250 0
v 1 251 0
v 1 252 0
v 1 253 0
v 1 254 0
v 1 255 0
v 1 256 0
v 1 257 0
v 1 258 0
v 1 259 0
v 1 260 0
v 1 261 0
v 1 262 0
v 1 263 0
v 1 264 0
v 1 265 0
v 1 266 0
v 1 267 0
v 1 268 0
v 1 269 0
v 1 270 0
v 1 271 0
v 1 272 0
v 1 273 0
v 1 274 0
v 1 275 0
v 1 276 0
v 1 277 0
v 1 278 0
v 1 279 0
v 1 280 0
v 1 281 0
v 1 282 0
v 1 283 0
v 1 284 0
v 2 220 0
v 2 221 0
v 2 222 0
v 2 223 0
v 2 224 0
v 2 225 0
v 2 226 0
v 2 227 0
v 2 228 0
v 2 229 0
v 2 230 0
v 2 231 0
v 2 232 0
v 2 233 0
v 2 234 0
v 2 235 0
v 2 236 0
v 2 237 0
v 2 238 0
v 2 239 0
v 2 240 0
v 2 241 0
v 2 242 0
v 2 243 0
v 2 244 0
v 2 245 0
v 2 246 0
v 2 247 0
v 2 248 0
v 2 249 0
v 2 250 0
v 2 251 0
v 2 252 0
v 2 253 0
v 2 254 0
v 2 255 0
v 2 256 0
v 2 257 0
v 2 258 0
v 2 259 0
v 2 260 0
v 2 261 0
v 2 262 0
v 2 263 0
v 2 264 0
v 2 265 0
v 2 266 0
v 2 267 0
v 2 268 0
v 2 269 0
v 2 270 0
v 2 271 0
v 2 272 0
v 2 273 0
v 2 274 0
v 2 275 0
v 2 276 0
v 2 277 0
v 2 278 0
v 2 279 0
v 2 280 0
v 2 281 0
v 2 282 0
v 2 283 0
v 2 284 0
v 2 285 0
v 2 286 0
v 2 287 0
v 2 288 0
v 2 289 0
v 2 290 0
v 2 291 0
v 3 213 0
v 3 214 0
v 3 215 0
v 3 216 0
v 3 217 0
v 3 218 0
v 3 219 0
v 3 220 0
v 3 221 0
v 3 222 0
v 3 223 0
v 3 224 0
v 3 225 0
v 3 226 0
v 3 227 0
v 3 228 0
v 3 229 0
v 3 230 0
v 3 231 0
v 3 232 0
v 3 233 0
v 3 234 0
v 3 235 0
v 3 236 0
v 3 237 0
v 3 238 0
v 3 239 0
v 3 240 0
v 3 241 0
v 3 242 0
v 3 243 0
v 3 244 0
v 3 245 0
v 3 246 0
v 3 247 0
v 3 248 0
v 3 249 0
v 3 250 0
v 3 251 0
v 3 252 0
v 3 253 0
v 3 254 0
v 3 255 0
v 3 256 0
v 3 258 0
v 3 259 0
v 3 260 0
v 3 261 0
v 3 262 0
v 3 263 0
v 3 264 0
v 3 265 0
v 3 266 0
v 3 267 0
v 3 268 0
v 3 269 0
v 3 270 0
v 3 271 0
v 3 272 0
v 3 273 0
v 3 275 0
v 3 276 0
v 3 277 0
v 3 278 0
v 3 279 0
v 3 280 0
v 3 281 0
v 3 282 0
v 3 283 0
v 3 284 0
v 3 285 0
v 3 286 0
v 3 287 0
v 3 288 0
v 3 289 0
v 3 290 0
v 3 291 0
v 3 292 0
v 3 293 0
v 3 294 0
v 3 295 0
v 3 296 0
v 3 297 0
v 3 298 0
v 4 208 0
v 4 209 0
v 4 210 0
v 4 211 0
v 4 212 0
v 4 213 0
v 4 214 0
v 4 215 0
v 4 216 0
v 4 217 0
v 4 218 0
v 4 219 0
v 4 220 0
v 4 221 0
v 4 222 0
v 4 223 0
v 4 224 0
v 4 225 0
v 4 226 0
v 4 227 0
v 4 228 0
v 4 229 0
v 4 230 0
v 4 231 0
v 4 232 0
v 4 233 0
v 4 234 0
v 4 235 0
v 4 236 0
v 4 237 0
v 4 238 0
v 4 239 0
v 4 240 0
v 4 241 0
v 4 242 0
v 4 243 0
v 4 244 0
v 4 245 0
v 4 246 0
v 4 247 0
v 4 248 0
v 4 249 0
v 4 250 0
v 4 251 0
v 4 252 0
v 4 253 0
v 4 254 0
v 4 255 0
v 4 256 0
v 4 257 0
v 4 258 0
v 4 259 0
v 4 260 0
v 4 261 0
v 4 262 0
v 4 264 0
v 4 265 0
v 4 266 0
v 4 267 0
v 4 268 0
v 4 269 0
v 4 270 0
v 4 271 0
v 4 272 0
v 4 273 0
v 4 274 0
v 4 275 0
v 4 276 0
v 4 277 0
v 4 278 0
v 4 279 0
v 4 280 0
v 4 281 0
v 4 282 0
v 4 283 0
v 4 284 0
v 4 285 0
v 4 286 0
v 4 287 0
v 4 288 0
v 4 289 0
v 4 290 0
v 4 291 0
v 4 292 0
v 4 293 0
v 4 294 0
v 4 295 0
v 4 296 0
v 4 297 0
v 4 298 0
v 4 299 0
v 4 300 0
v 4 301 0
v 4 302 0
v 4 303 0
v 5 203 0
v 5 205 0
v 5 206 0
v 5 207 0
v 5 208 0
v 5 209 0
v 5 210 0
v 5 211 0
v 5 212 0
v 5 213 0
v 5 214 0
v 5 215 0
v 5 216 0
v 5 217 0
v 5 218 0
v 5 219 0
v 5 220 0
v 5 221 0
v 5 222 0
v 5 223 0
v 5 224 0
v 5 225 0
v 5 226 0
v 5 227 0
v 5 228 0
v 5 229 0
v 5 230 0
v 5 231 0
v 5 232 0
v 5 233 0
v 5 234 0
v 5 235 0
v 5 236 0
v 5 237 0
v 5 238 0
v 5 239 0
v 5 240 0
v 5 241 0
v 5 242 0
v 5 243 0
v 5 244 0
v 5 245 0
v 5 246 0
v 5 247 0
v 5 248 0
v 5 249 0
v 5 250 0
v 5 251 0
v 5 252 0
v 5 253 0
v 5 254 0
v 5 255 0
v 5 256 0
v 5 257 0
v 5 258 0
v 5 259 0
v 5 260 0
v 5 261 0
v 5 262 0
v 5 264 0
v 5 265 0
v 5 266 0
v 5 267 0
v 5 268 0
v 5 269 0
v 5 270 0
v 5 271 0
v 5 272 0
v 5 273 0
v 5 274 0
v 5 275 0
v 5 276 0
v 5 277 0
v 5 278 0
v 5 280 0
v 5 281 0
v 5 282 0
v 5 283 0
v 5 284 0
v 5 285 0
v 5 286 0
v 5 287 0
v 5 288 0
v 5 289 0
v 5 290 0
v 5 291 0
v 5 292 0
v 5 293 0
v 5 294 0
v 5 295 0
v 5 296 0
v 5 298 0
v 5 299 0
v 5 300 0
v 5 301 0
v 5 302 0
v 5 303 0
v 5 304 0
v 5 305 0
v 5 306 0
v 5 307 0
v 5 308 0
v 6 198 0
v 6 199 0
v 6 200 0
v 6 201 0
v 6 202 0
v 6 203 0
v 6 204 0
v 6 205 0
v 6 206 0
v 6 207 0
v 6 208 0
v 6 209 0
v 6 210 0
v 6 211 0
v 6 212 0
v 6 213 0
v 6 214 0
v 6 215 0
v 6 216 0
v 6 217 0
v 6 218 0
v 6 219 0
v 6 220 0
v 6 221 0
v 6 222 0
v 6 223 0
v 6 224 0
v 6 225 0
v 6 226 0
v 6 227 0
v 6 228 0
v 6 229 0
v 6 230 0
v 6 231 0
v 6 232 0
v 6 233 0
v 6 234 0
v 6 235 0
v 6 236 0
v 6 237 0
v 6 238 0
v 6 239 0
v 6 240 0
v 6 241 0
v 6 242 0
v 6 243 0
v 6 244 0
v 6 245 0
v 6 246 0
v 6 247 0
v 6 248 0
v 6 249 0
v 6 250 0
v 6 251 0
v 6 252 0
v 6 253 0
v 6 254 0
v 6 255 0
v 6 256 0
v 6 257 0
v 6 258 0
v 6 259 0
v 6 260 0
v 6 261 0
v 6 262 0
v 6 263 0
v 6 264 0
v 6 265 0
v 6 266 0
v 6 267 0
v 6 268 0
v 6 269 0
v 6 270 0
v 6 271 0
v 6 272 0
v 6 273 0
v 6 274 0
v 6 275 0
v 6 276 0
v 6 277 0
v 6 278 0
v 6 279 0
v 6 280 0
v 6 281 0
v 6 282 0
v 6 283 0
v 6 284 0
v 6 285 0
v 6 286 0
v 6 287 0
v 6 288 0
v 6 289 0
v 6 290 0
v 6 291 0
v 6 292 0
v 6 293 0
v 6 294 0
v 6 295 0
v 6 296 0
v 6 297 0
v 6 298 0
v 6 299 0
v 6 300 0
v 6 301 0
v 6 302 0
v 6 303 0
v 6 304 0
v 6 305 0
v 6 306 0
v 6 307 0
v 6 308 0
v 6 309 0
v 6 310 0
v 6 311 0
v 6 312 0
v 6 313 0
v 7 194 0
v 7 195 0
v 7 196 0
v 7 197 0
v 7 198 0
v 7 199 0
v 7 200 0
v 7 201 0
v 7 202 0
v 7 203 0
v 7 204 0
v 7 205 0
v 7 206 0
v 7 207 0
v 7 208 0
v 7 209 0
v 7 210 0
v 7 211 0
v 7 212 0
v 7 213 0
v 7 214 0
v 7 215 0
v 7 216 0
v 7 217 0
v 7 218 0
v 7 219 0
v 7 220 0
v 7 221 0
v 7 222 0
v 7 223 0
v 7 224 0
v 7 225 0
v 7 226 0
v 7 227 0
v 7 228 0
v 7 229 0
v 7 230 0
v 7 231 0
v 7 232 0
v 7 233 0
v 7 234 0
v 7 235 0
v 7 236 0
v 7 237 0
v 7 238 0
v 7 239 0
v 7 240 0
v 7 241 0
v 7 242 0
v 7 243 0
v 7 244 0
v 7 245 0
v 7 246 0
v 7 247 0
v 7 248 0
v 7 249 0
v 7 250 0
v 7 251 0
v 7 252 0
v 7 253 0
v 7 254 0
v 7 255 0
v 7 256 0
v 7 257 0
v 7 258 0
v 7 259 0
v 7 260 0
v 7 261 0
v 7 262 0
v 7 263 0
v 7 264 0
v 7 265 0
v 7 266 0
v 7 267 0
v 7 268 0
v 7 269 0
v 7 270 0
v 7 271 0
v 7 272 0
v 7 273 0
v 7 274 0
v 7 275 0
v 7 276 0
v 7 278 0
v 7 279 0
v 7 280 0
v 7 281 0
v 7 282 0
v 7 283 0
v 7 284 0
v 7 285 0
v 7 286 0
v 7 287 0
v 7 288 0
v 7 289 0
v 7 290 0
v 7 291 0
v 7 292 0
v 7 293 0
v 7 294 0
v 7 295 0
v 7 296 0
v 7 297 0
v 7 298 0
v 7 299 0
v 7 300 0
v 7 301 0
v 7 302 0
v 7 303 0
v 7 304 0
v 7 305 0
v 7 306 0
v 7 307 0
v 7 308 0
v 7 309 0
v 7 310 0
v 7 311 0
v 7 312 0
v 7 313 0
v 7 314 0
v 7 315 0
v 7 316 0
v 7 317 0
v 8 190 0
v 8 191 0
v 8 192 0
v 8 193 0
v 8 194 0
v 8 195 0
v 8 196 0
v 8 197 0
v 8 198 0
v 8 199 0
v 8 200 0
v 8 201 0
v 8 202 0
v 8 203 0
v 8 204 0
v 8 205 0
v 8 206 0
v 8 207 0
v 8 208 0
v 8 209 0
v 8 210 0
v 8 211 0
v 8 212 0
v 8 213 0
v 8 214 0
v 8 215 0
v 8 216 0
v 8 217 0
v 8 218 0
v 8 219 0
v 8 220 0
v 8 221 0
v 8 222 0
v 8 223 0
v 8 224 0
v 8 225 0
v 8 226 0
v 8 227 0
v 8 228 0
v 8 229 0
v 8 230 0
v 8 231 0
v 8 232 0
v 8 233 0
v 8 234 0
v 8 235 0
v 8 236 0
v 8 237 0
v 8 238 0
v 8 239 0
v 8 240 0
v 8 241 0
v 8 242 0
v 8 243 0
v 8 244 0
v 8 245 0
v 8 246 0
v 8 247 0
v 8 248 0
v 8 249 0
v 8 250 0
v 8 251 0
v 8 252 0
v 8 253 0
v 8 254 0
v 8 255 0
v 8 256 0
v 8 257 0
v 8 258 0
v 8 259 0
v 8 260 0
v 8 261 0
v 8 262 0
v 8 263 0
v 8 264 0
v 8 265 0
v 8 266 0
v 8 267 0
v 8 268 0
v 8 269 0
v 8 270 0
v 8 271 0
v 8 272 0
v 8 273 0
v 8 274 0
v 8 275 0
v 8 276 0
v 8 277 0
v 8 278 0
v 8 279 0
v 8 280 0
v 8 281 0
v 8 282 0
v 8 283 0
v 8 284 0
v 8 285 0
v 8 286 0
v 8 287 0
v 8 288 0
v 8 289 0
v 8 290 0
v 8 291 0
v 8 292 0
v 8 293 0
v 8 294 0
v 8 295 0
v 8 296 0
v 8 297 0
v 8 298 0
v 8 299 0
v 8 300 0
v 8 301 0
v 8 302 0
v 8 303 0
v 8 304 0
v 8 305 0
v 8 306 0
v 8 307 0
v 8 308 0
v 8 309 0
v 8 310 0
v 8 311 0
v 8 312 0
v 8 313 0
v 8 314 0
v 8 315 0
v 8 316 0
v 8 317 0
v 8 318 0
v 8 319 0
v 8 320 0
v 8 321 0
v 9 187 0
v 9 188 0
v 9 189 0
v 9 190 0
v 9 191 0
v 9 192 0
v 9 193 0
v 9 194 0
v 9 195 0
v 9 196 0
v 9 197 0
v 9 198 0
v 9 199 0
v 9 200 0
v 9 201 0
v 9 202 0
v 9 203 0
v 9 204 0
v 9 205 0
v 9 206 0
v 9 207 0
v 9 208 0
v 9 209 0
v 9 210 0
v 9 211 0
v 9 212 0
v 9 213 0
v 9 214 0
v 9 215 0
v 9 216 0
v 9 217 0
v 9 218 0
v 9 219 0
v 9 220 0
v 9 221 0
v 9 222 0
v 9 223 0
v 9 224 0
v 9 225 0
v 9 226 0
v 9 227 0
v 9 228 0
v 9 229 0
v 9 230 0
v 9 231 0
v 9 232 0
v 9 233 0
v 9 234 0
v 9 235 0
v 9 236 0
v 9 237 0
v 9 238 0
v 9 239 0
v 9 240 0
v 9 241 0
v 9 242 0
v 9 244 0
v 9 245 0
v 9 246 0
v 9 247 0
v 9 248 0
v 9 249 0
v 9 250 0
v 9 251 0
v 9 252 0
v 9 253 0
v 9 254 0
v 9 255 0
v 9 256 0
v 9 257 0
v 9 258 0
v 9 259 0
v 9 260 0
v 9 261 0
v 9 262 0
v 9 263 0
v 9 264 0
v 9 265 0
v 9 266 0
v 9 267 0
v 9 268 0
v 9 269 0
v 9 270 0
v 9 271 0
v 9 272 0
v 9 273 0
v 9 274 0
v 9 275 0
v 9 276 0
v 9 277 0
v 9 278 0
v 9 279 0
v 9 280 0
v 9 281 0
v 9 282 0
v 9 283 0
v 9 284 0
v 9 285 0
v 9 286 0
v 9 287 0
v 9 288 0
v 9 289 0
v 9 290 0
v 9 291 0
v 9 292 0
v 9 293 0
v 9 294 0
v 9 295 0
v 9 296 0
v 9 297 0
v 9 298 0
v 9 299 0
v 9 300 0
v 9 301 0
v 9 302 0
v 9 303 0
v 9 304 0
v 9 305 0
v 9 306 0
v 9 307 0
v 9 308 0
v 9 309 0
v 9 310 0
v 9 311 0
v 9 312 0
v 9 313 0
v 9 314 0
v 9 315 0
v 9 316 0
v 9 317 0
v 9 318 0
v 9 319 0
v 9 320 0
v 9 321 0
v 9 322 0
v 9 323 0
v 9 324 0
v 10 183 0
v 10 184 0
v 10 185 0
v 10 186 0
v 10 187 0
v 10 188 0
v 10 189 0
v 10 190 0
v 10 191 0
v 10 192 0
v 10 193 0
v 10 194 0
v 10 195 0
v 10 196 0
v 10 197 0
v 10 198 0
v 10 199 0
v 10 200 0
v 10 201 0
v 10 202 0
v 10 203 0
v 10 204 0
v 10 205 0
v 10 206 0
v 10 207 0
v 10 208 0
v 10 209 0
v 10 210 0
v 10 211 0
v 10 212 0
v 10 213 0
v 10 214 0
v 10 215 0
v 10 216 0
v 10 217 0
v 10 218 0
v 10 219 0
v 10 220 0
v 10 221 0
v 10 222 0
v 10 223 0
v 10 224 0
v 10 225 0
v 10 226 0
v 10 227 0
v 10 228 0
v 10 229 0
v 10 231 0
v 10 232 0
v 10 233 0
v 10 234 0
v 10 235 0
v 10 236 0
v 10 237 0
v 10 238 0
v 10 240 0
v 10 241 0
v 10 242 0
v 10 243 0
v 10 244 0
v 10 245 0
v 10 246 0
v 10 247 0
v 10 248 0
v 10 249 0
v 10 250 0
v 10 251 0
v 10 252 0
v 10 253 0
v 10 254 0
v 10 255 0
v 10 256 0
v 10 257 0
v 10 258 0
v 10 259 0
v 10 260 0
v 10 261 0
v 10 262 0
v 10 263 0
v 10 264 0
v 10 265 0
v 10 266 0
v 10 267 0
v 10 268 0
v 10 269 0
v 10 270 0
v 10 271 0
v 10 272 0
v 10 273 0
v 10 274 0
v 10 275 0
v 10 276 0
v 10 277 0
v 10 278 0
v 10 279 0
v 10 280 0
v 10 281 0
v 10 282 0
v 10 283 0
v 10 284 0
v 10 285 0
v 10 286 0
v 10 287 0
v 10 288 0
v 10 289 0
v 10 290 0
v 10 291 0
v 10 292 0
v 10 293 0
v 10 294 0
v 10 295 0
v 10 296 0
v 10 297 0
v 10 298 0
v 10 299 0
v 10 300 0
v 10 301 0
v 10 302 0
v 10 303 0
v 10 304 0
v 10 305 0
v 10 306 0
v 10 307 0
v 10 308 0
v 10 309 0
v 10 310 0
v 10 311 0
v 10 312 0
v 10 313 0
v 10 314 0
v 10 315 0
v 10 316 0
v 10 317 0
v 10 318 0
v 10 319 0
v 10 320 0
v 10 321 0
v 10 322 0
v 10 323 0
v 10 324 0
v 10 325 0
v 10 326 0
v 10 327 0
v 10 328 0
v 11 180 0
v 11 181 0
v 11 182 0
v 11 183 0
v 11 184 0
v 11 185 0
v 11 186 0
v 11 187 0
v 11 188 0
v 11 189 0
v 11 190 0
v 11 191 0
v 11 192 0
v 11 193 0
v 11 194 0
v 11 195 0
v 11 197 0
v 11 198 0
v 11 199 0
v 11 200 0
v 11 201 0
v 11 202 0
v 11 203 0
v 11 204 0
v 11 205 0
v 11 206 0
v 11 207 0
v 11 208 0
v 11 209 0
v 11 210 0
v 11 211 0
v 11 212 0
v 11 213 0
v 11 214 0
v 11 215 0
v 11 216 0
v 11 217 0
v 11 218 0
v 11 219 0
v 11 220 0
v 11 221 0
v 11 222 0
v 11 223 0
v 11 224 0
v 11 225 0
v 11 226 0
v 11 227 0
v 11 228 0
v 11 229 0
v 11 230 0
v 11 231 0
v 11 232 0
v 11 233 0
v 11 234 0
v 11 235 0
v 11 236 0
v 11 237 0
v 11 238 0
v 11 240 0
v 11 241 0
v 11 242 0
v 11 243 0
v 11 244 0
v 11 245 0
v 11 246 0
v 11 247 0
v 11 248 0
v 11 249 0
v 11 250 0
v 11 251 0
v 11 252 0
v 11 253 0
v 11 254 0
v 11 255 0
v 11 256 0
v 11 257 0
v 11 258 0
v 11 259 0
v 11 260 0
v 11 261 0
v 11 262 0
v 11 263 0
v 11 264 0
v 11 265 0
v 11 266 0
v 11 267 0
v 11 268 0
v 11 269 0
v 11 270 0
v 11 271 0
v 11 272 0
v 11 273 0
v 11 274 0
v 11 275 0
v 11 276 0
v 11 277 0
v 11 278 0
v 11 279 0
v 11 280 0
v 11 281 0
v 11 282 0
v 11 283 0
v 11 284 0
v 11 285 0
v 11 286 0
v 11 287 0
v 11 288 0
v 11 289 0
v 11 290 0
v 11 291 0
v 11 292 0
v 11 293 0
v 11 294 0
v 11 295 0
v 11 296 0
v 11 297 0
v 11 298 0
v 11 299 0
v 11 300 0
v 11 301 0
v 11 302 0
v 11 303 0
v 11 304 0
v 11 305 0
v 11 306 0
v 11 307 0
v 11 308 0
v 11 309 0
v 11 310 0
v 11 311 0
v 11 312 0
v 11 313 0
v 11 314 0
v 11 315 0
v 11 316 0
v 11 317 0
v 11 318 0
v 11 319 0
v 11 320 0
v 11 321 0
v 11 322 0
v 11 323 0
v 11 324 0
v 11 325 0
v 11 326 0
v 11 327 0
v 11 328 0
v 11 329 0
v 11 330 0
v 11 331 0
v 12 177 0
v 12 178 0
v 12 179 0
v 12 180 0
v 12 181 0
v 12 182 0
v 12 183 0
v 12 184 0
v 12 185 0
v 12 186 0
v 12 187 0
v 12 188 0
v 12 189 0
v 12 190 0
v 12 191 0
v 12 192 0
v 12 193 0
v 12 194 0
v 12 195 0
v 12 197 0
v 12 198 0
v 12 199 0
v 12 200 0
v 12 201 0
v 12 202 0
v 12 203 0
v 12 204 0
v 12 205 0
v 12 206 0
v 12 207 0
v 12 208 0
v 12 209 0
v 12 210 0
v 12 211 0
v 12 212 0
v 12 213 0
v 12 214 0
v 12 215 0
v 12 216 0
v 12 217 0
v 12 218 0
v 12 219 0
v 12 220 0
v 12 221 0
v 12 222 0
v 12 223 0
v 12 224 0
v 12 225 0
v 12 226 0
v 12 227 0
v 12 228 0
v 12 229 0
v 12 230 0
v 12 231 0
v 12 232 0
v 12 233 0
v 12 234 0
v 12 235 0
v 12 236 0
v 12 237 0
v 12 238 0
v 12 239 0
v 12 240 0
v 12 241 0
v 12 242 0
v 12 243 0
v 12 244 0
v 12 245 0
v 12 246 0
v 12 247 0
v 12 248 0
v 12 249 0
v 12 250 0
v 12 251 0
v 12 252 0
v 12 253 0
v 12 254 0
v 12 255 0
v 12 256 0
v 12 257 0
v 12 258 0
v 12 259 0
v 12 260 0
v 12 261 0
v 12 262 0
v 12 263 0
v 12 264 0
v 12 265 0
v 12 266 0
v 12 267 0
v 12 268 0
v 12 269 0
v 12 270 0
v 12 271 0
v 12 272 0
v 12 273 0
v 12 274 0
v 12 275 0
v 12 276 0
v 12 277 0
v 12 278 0
v 12 279 0
v 12 280 0
v 12 281 0
v 12 282 0
v 12 284 0
v 12 285 0
v 12 286 0
v 12 287 0
v 12 288 0
v 12 289 0
v 12 290 0
v 12 291 0
v 12 292 0
v 12 293 0
v 12 294 0
v 12 295 0
v 12 296 0
v 12 297 0
v 12 298 0
v 12 299 0
v 12 300 0
v 12 301 0
v 12 302 0
v 12 303 0
v 12 304 0
v 12 305 0
v 12 306 0
v 12 307 0
v 12 308 0
v 12 309 0
v 12 310 0
v 12 311 0
v 12 312 0
v 12 313 0
v 12 314 0
v 12 315 0
v 12 316 0
v 12 317 0
v 12 318 0
v 12 319 0
v 12 320 0
v 12 321 0
v 12 322 0
v 12 323 0
v 12 324 0
v 12 325 0
v 12 326 0
v 12 327 0
v 12 328 0
v 12 329 0
v 12 330 0
v 12 331 0
v 12 332 0
v 12 333 0
v 12 334 0
v 13 174 0
v 13 175 0
v 13 176 0
v 13 177 0
v 13 178 0
v 13 179 0
v 13 180 0
v 13 181 0
v 13 182 0
v 13 183 0
v 13 184 0
v 13 185 0
v 13 186 0
v 13 187 0
v 13 188 0
v 13 189 0
v 13 190 0
v 13 191 0
v 13 192 0
v 13 193 0
v 13 194 0
v 13 195 0
v 13 197 0
v 13 198 0
v 13 199 0
v 13 200 0
v 13 201 0
v 13 202 0
v 13 203 0
v 13 204 0
v 13 205 0
v 13 206 0
v 13 207 0
v 13 208 0
v 13 209 0
v 13 210 0
v 13 211 0
v 13 212 0
v 13 213 0
v 13 214 0
v 13 215 0
v 13 216 0
v 13 217 0
v 13 218 0
v 13 219 0
v 13 220 0
v 13 221 0
v 13 222 0
v 13 223 0
v 13 224 0
v 13 225 0
v 13 226 0
v 13 227 0
v 13 228 0
v 13 229 0
v 13 230 0
v 13 231 0
v 13 232 0
v 13 233 0
v 13 234 0
v 13 235 0
v 13 236 0
v 13 237 0
v 13 238 0
v 13 239 0
v 13 240 0
v 13 241 0
v 13 242 0
v 13 243 0
v 13 244 0
v 13 245 0
v 13 246 0
v 13 247 0
v 13 248 0
v 13 249 0
v 13 250 0
v 13 251 0
v 13 252 0
v 13 253 0
v 13 254 0
v 13 255 0
v 13 256 0
v 13 257 0
v 13 258 0
v 13 259 0
v 13 260 0
v 13 261 0
v 13 262 0
v 13 263 0
v 13 264 0
v 13 265 0
v 13 266 0
v 13 267 0
v 13 268 0
v 13 269 0
v 13 270 0
v 13 271 0
v 13 272 0
v 13 273 0
v 13 274 0
v 13 275 0
v 13 276 0
v 13 277 0
v 13 278 0
v 13 279 0
v 13 280 0
v 13 281 0
v 13 282 0
v 13 283 0
v 13 284 0
v 13 285 0
v 13 286 0
v 13 287 0
v 13 288 0
v 13 289 0
v 13 290 0
v 13 291 0
v 13 292 0
v 13 293 0
v 13 294 0
v 13 295 0
v 13 296 0
v 13 297 0
v 13 298 0
v 13 299 0
v 13 300 0
v 13 301 0
v 13 302 0
v 13 303 0
v 13 304 0
v 13 305 0
v 13 306 0
v 13 307 0
v 13 308 0
v 13 309 0
v 13 310 0
v 13 311 0
v 13 312 0
v 13 313 0
v 13 314 0
v 13 315 0
v 13 316 0
v 13 317 0
v 13 318 0
v 13 319 0
v 13 320 0
v 13 321 0
v 13 322 0
v 13 323 0
v 13 324 0
v 13 325 0
v 13 326 0
v 13 327 0
v 13 328 0
v 13 329 0
v 13 330 0
v 13 331 0
v 13 332 0
v 13 333 0
v 13 334 0
v 13 335 0
v 13 336 0
v 13 337 0
v 14 171 0
v 14 172 0
v 14 173 0
v 14 174 0
v 14 175 0
v 14 176 0
v 14 177 0
v 14 178 0
v 14 179 0
v 14 180 0
v 14 181 0
v 14 182 0
v 14 183 0
v 14 184 0
v 14 185 0
v 14 186 0
v 14 187 0
v 14 188 0
v 14 189 0
v 14 190 0
v 14 191 0
v 14 192 0
v 14 193 0
v 14 194 0
v 14 195 0
v 14 196 0
v 14 197 0
v 14 198 0
v 14 199 0
v 14 200 0
v 14 201 0
v 14 202 0
v 14 203 0
v 14 204 0
v 14 205 0
v 14 206 0
v 14 207 0
v 14 208 0
v 14 209 0
v 14 210 0
v 14 211 0
v 14 212 0
v 14 213 0
v 14 214 0
v 14 215 0
v 14 216 0
v 14 217 0
v 14 218 0
v 14 219 0
v 14 220 0
v 14 221 0
v 14 222 0
v 14 223 0
v 14 224 0
v 14 225 0
v 14 226 0
v 14 227 0
v 14 228 0
v 14 229 0
v 14 230 0
v 14 231 0
v 14 232 0
v 14 233 0
v 14 234 0
v 14 235 0
v 14 236 0
v 14 237 0
v 14 238 0
v 14 239 0
v 14 240 0
v 14 241 0
v 14 242 0
v 14 243 0
v 14 244 0
v 14 245 0
v 14 246 0
v 14 247 0
v 14 248 0
v 14 249 0
v 14 250 0
v 14 251 0
v 14 252 0
v 14 253 0
v 14 254 0
v 14 255 0
v 14 256 0
v 14 257 0
v 14 258 0
v 14 259 0
v 14 260 0
v 14 261 0
v 14 262 0
v 14 263 0
v 14 264 0
v 14 265 0
v 14 266 0
v 14 267 0
v 14 268 0
v 14 269 0
v 14 270 0
v 14 271 0
v 14 272 0
v 14 273 0
v 14 274 0
v 14 275 0
v 14 276 0
v 14 277 0
v 14 278 0
v 14 279 0
v 14 280 0
v 14 281 0
v 14 282 0
v 14 283 0
v 14 284 0
v 14 285 0
v 14 286 0
v 14 287 0
v 14 288 0
v 14 289 0
v 14 290 0
v 14 291 0
v 14 292 0
v 14 293 0
v 14 294 0
v 14 295 0
v 14 296 0
v 14 297 0
v 14 298 0
v 14 299 0
v 14 300 0
v 14 301 0
v 14 302 0
v 14 303 0
v 14 304 0
v 14 305 0
v 14 306 0
v 14 307 0
v 14 308 0
v 14 309 0
v 14 310 0
v 14 311 0
v 14 312 0
v 14 313 0
v 14 314 0
v 14 315 0
v 14 316 0
v 14 317 0
v 14 318 0
v 14 319 0
v 14 320 0
v 14 321 0
v 14 322 0
v 14 323 0
v 14 324 0
v 14 325 0
v 14 326 0
v 14 327 0
v 14 328 0
v 14 329 0
v 14 330 0
v 14 331 0
v 14 332 0
v 14 333 0
v 14 334 0
v 14 335 0
v 14 336 0
v 14 337 0
v 14 338 0
v 14 339 0
v 15 168 0
v 15 169 0
v 15 170 0
v 15 171 0
v 15 172 0
v 15 173 0
v 15 174 0
v 15 175 0
v 15 176 0
v 15 177 0
v 15 178 0
v 15 179 0
v 15 180 0
v 15 181 0
v 15 182 0
v 15 183 0
v 15 184 0
v 15 185 0
v 15 186 0
v 15 187 0
v 15 188 0
v 15 189 0
v 15 190 0
v 15 191 0
v 15 192 0
v 15 193 0
v 15 194 0
v 15 195 0
v 15 196 0
v 15 197 0
v 15 198 0
v 15 199 0
v 15 200 0
v 15 201 0
v 15 202 0
v 15 203 0
v 15 204 0
v 15 205 0
v 15 206 0
v 15 207 0
v 15 208 0
v 15 209 0
v 15 210 0
v 15 211 0
v 15 212 0
v 15 213 0
v 15 214 0
v 15 215 0
v 15 216 0
v 15 217 0
v 15 218 0
v 15 219 0
v 15 220 0
v 15 221 0
v 15 222 0
v 15 223 0
v 15 224 0
v 15 225 0
v 15 226 0
v 15 227 0
v 15 228 0
v 15 229 0
v 15 230 0
v 15 231 0
v 15 232 0
v 15 233 0
v 15 234 0
v 15 235 0
v 15 236 0
v 15 237 0
v 15 238 0
v 15 239 0
v 15 240 0
v 15 241 0
v 15 242 0
v 15 243 0
v 15 244 0
v 15 245 0
v 15 246 0
v 15 247 0
v 15 248 0
v 15 249 0
v 15 250 0
v 15 251 0
v 15 252 0
v 15 253 0
v 15 254 0
v 15 255 0
v 15 256 0
v 15 257 0
v 15 258 0
v 15 259 0
v 15 260 0
v 15 261 0
v 15 262 0
v 15 263 0
v 15 264 0
v 15 265 0
v 15 266 0
v 15 267 0
v 15 268 0
v 15 269 0
v 15 270 0
v 15 271 0
v 15 272 0
v 15 273 0
v 15 274 0
v 15 275 0
v 15 276 0
v 15 277 0
v 15 278 0
v 15 279 0
v 15 280 0
v 15 281 0
v 15 282 0
v 15 283 0
v 15 284 0
v 15 285 0
v 15 286 0
v 15 287 0
v 15 288 0
v 15 289 0
v 15 290 0
v 15 291 0
v 15 292 0
v 15 293 0
v 15 294 0
v 15 295 0
v 15 296 0
v 15 297 0
v 15 298 0
v 15 299 0
v 15 300 0
v 15 301 0
v 15 302 0
v 15 303 0
v 15 304 0
v 15 305 0
v 15 306 0
v 15 307 0
v 15 308 0
v 15 309 0
v 15 310 0
v 15 311 0
v 15 312 0
v 15 313 0
v 15 314 0
v 15 315 0
v 15 316 0
v 15 317 0
v 15 318 0
v 15 319 0
v 15 320 0
v 15 321 0
v 15 322 0
v 15 323 0
v 15 324 0
v 15 325 0
v 15 326 0
v 15 327 0
v 15 328 0
v 15 329 0
v 15 330 0
v 15 331 0
v 15 332 0
v 15 333 0
v 15 334 0
v 15 335 0
v 15 336 0
v 15 337 0
v 15 338 0
v 15 339 0
v 15 340 0
v 15 341 0
v 15 342 0
v 15 343 0
v 16 165 0
v 16 166 0
v 16 167 0
v 16 168 0
v 16 169 0
v 16 170 0
v 16 171 0
v 16 172 0
v 16 173 0
v 16 174 0
v 16 175 0
v 16 176 0
v 16 177 0
v 16 178 0
v 16 179 0
v 16 180 0
v 16 181 0
v 16 182 0
v 16 183 0
v 16 184 0
v 16 185 0
v 16 186 0
v 16 187 0
v 16 188 0
v 16 189 0
v 16 190 0
v 16 191 0
v 16 192 0
v 16 193 0
v 16 194 0
v 16 195 0
v 16 196 0
v 16 197 0
v 16 198 0
v 16 199 0
v 16 200 0
v 16 201 0
v 16 202 0
v 16 203 0
v 16 204 0
v 16 205 0
v 16 206 0
v 16 207 0
v 16 208 0
v 16 209 0
v 16 210 0
v 16 211 0
v 16 212 0
v 16 213 0
v 16 214 0
v 16 215 0
v 16 216 0
v 16 217 0
v 16 218 0
v 16 219 0
v 16 220 0
v 16 221 0
v 16 222 0
v 16 223 0
v 16 224 0
v 16 225 0
v 16 226 0
v 16 227 0
v 16 228 0
v 16 229 0
v 16 230 0
v 16 231 0
v 16 232 0
v 16 233 0
v 16 234 0
v 16 235 0
v 16 236 0
v 16 237 0
v 16 238 0
v 16 239 0
v 16 240 0
v 16 241 0
v 16 242 0
v 16 243 0
v 16 244 0
v 16 245 0
v 16 246 0
v 16 247 0
v 16 248 0
v 16 249 0
v 16 250 0
v 16 252 0
v 16 253 0
v 16 254 0
v 16 255 0
v 16 256 0
v 16 257 0
v 16 258 0
v 16 259 0
v 16 260 0
v 16 261 0
v 16 262 0
v 16 263 0
v 16 264 0
v 16 265 0
v 16 266 0
v 16 267 0
v 16 268 0
v 16 269 0
v 16 270 0
v 16 271 0
v 16 272 0
v 16 273 0
v 16 274 0
v 16 275 0
v 16 276 0
v 16 277 0
v 16 278 0
v 16 279 0
v 16 280 0
v 16 281 0
v 16 282 0
v 16 283 0
v 16 284 0
v 16 285 0
v 16 286 0
v 16 287 0
v 16 288 0
v 16 289 0
v 16 290 0
v 16 291 0
v 16 292 0
v 16 293 0
v 16 294 0
v 16 295 0
v 16 296 0
v 16 297 0
v 16 298 0
v 16 299 0
v 16 300 0
v 16 301 0
v 16 302 0
v 16 303 0
v 16 304 0
v 16 305 0
v 16 306 0
v 16 307 0
v 16 308 0
v 16 309 0
v 16 310 0
v 16 311 0
v 16 312 0
v 16 313 0
v 16 314 0
v 16 315 0
v 16 316 0
v 16 317 0
v 16 318 0
v 16 319 0
v 16 320 0
v 16 321 0
v 16 322 0
v 16 323 0
v 16 324 0
v 16 325 0
v 16 326 0
v 16 327 0
v 16 328 0
v 16 329 0
v 16 330 0
v 16 331 0
v 16 332 0
v 16 333 0
v 16 334 0
v 16 335 0
v 16 336 0
v 16 337 0
v 16 338 0
v 16 339 0
v 16 340 0
v 16 341 0
v 16 342 0
v 16 343 0
v 16 344 0
v 16 345 0
v 16 346 0
v 17 163 0
v 17 164 0
v 17 165 0
v 17 166 0
v 17 167 0
v 17 168 0
v 17 169 0
v 17 170 0
v 17 171 0
v 17 172 0
v 17 173 0
v 17 174 0
v 17 175 0
v 17 176 0
v 17 177 0
v 17 178 0
v 17 179 0
v 17 180 0
v 17 181 0
v 17 182 0
v 17 183 0
v 17 184 0
v 17 185 0
v 17 186 0
v 17 187 0
v 17 188 0
v 17 189 0
v 17 190 0
v 17 192 0
v 17 193 0
v 17 194 0
v 17 195 0
v 17 196 0
v 17 197 0
v 17 198 0
v 17 199 0
v 17 200 0
v 17 201 0
v 17 202 0
v 17 203 0
v 17 204 0
v 17 205 0
v 17 206 0
v 17 207 0
v 17 208 0
v 17 209 0
v 17 210 0
v 17 211 0
v 17 212 0
v 17 213 0
v 17 214 0
v 17 215 0
v 17 216 0
v 17 217 0
v 17 218 0
v 17 219 0
v 17 220 0
v 17 221 0
v 17 222 0
v 17 223 0
v 17 224 0
v 17 225 0
v 17 226 0
v 17 227 0
v 17 228 0
v 17 229 0
v 17 230 0
v 17 231 0
v 17 232 0
v 17 233 0
v 17 234 0
v 17 235 0
v 17 236 0
v 17 237 0
v 17 238 0
v 17 239 0
v 17 240 0
v 17 241 0
v 17 242 0
v 17 243 0
v 17 244 0
v 17 245 0
v 17 246 0
v 17 247 0
v 17 248 0
v 17 249 0
v 17 250 0
v 17 251 0
v 17 252 0
v 17 253 0
v 17 254 0
v 17 255 0
v 17 256 0
v 17 257 0
v 17 258 0
v 17 259 0
v 17 260 0
v 17 261 0
v 17 262 0
v 17 263 0
v 17 264 0
v 17 265 0
v 17 266 0
v 17 267 0
v 17 268 0
v 17 269 0
v 17 270 0
v 17 271 0
v 17 272 0
v 17 273 0
v 17 274 0
v 17 275 0
v 17 276 0
v 17 277 0
v 17 278 0
v 17 279 0
v 17 280 0
v 17 281 0
v 17 282 0
v 17 283 0
v 17 284 0
v 17 285 0
v 17 286 0
v 17 287 0
v 17 288 0
v 17 289 0
v 17 290 0
v 17 291 0
v 17 292 0
v 17 293 0
v 17 294 0
v 17 295 0
v 17 296 0
v 17 297 0
v 17 298 0
v 17 299 0
v 17 300 0
v 17 301 0
v 17 302 0
v 17 303 0
v 17 304 0
v 17 305 0
v 17 306 0
v 17 307 0
v 17 309 0
v 17 310 0
v 17 311 0
v 17 312 0
v 17 313 0
v 17 314 0
v 17 315 0
v 17 316 0
v 17 317 0
v 17 318 0
v 17 319 0
v 17 320 0
v 17 321 0
v 17 322 0
v 17 323 0
v 17 324 0
v 17 325 0
v 17 326 0
v 17 327 0
v 17 328 0
v 17 329 0
v 17 330 0
v 17 331 0
v 17 332 0
v 17 333 0
v 17 334 0
v 17 335 0
v 17 336 0
v 17 337 0
v 17 338 0
v 17 339 0
v 17 340 0
v 17 341 0
v 17 342 0
v 17 343 0
v 17 344 0
v 17 345 0
v 17 346 0
v 17 347 0
v 17 348 0
v 18 160 0
v 18 161 0
v 18 162 0
v 18 163 0
v 18 164 0
v 18 165 0
v 18 166 0
v 18 167 0
v 18 168 0
v 18 169 0
v 18 170 0
v 18 171 0
v 18 172 0
v 18 173 0
v 18 174 0
v 18 175 0
v 18 176 0
v 18 177 0
v 18 178 0
v 18 179 0
v 18 180 0
v 18 181 0
v 18 182 0
v 18 183 0
v 18 184 0
v 18 185 0
v 18 186 0
v 18 187 0
v 18 188 0
v 18 189 0
v 18 190 0
v 18 192 0
v 18 193 0
v 18 194 0
v 18 195 0
v 18 196 0
v 18 197 0
v 18 198 0
v 18 199 0
v 18 200 0
v 18 201 0
v 18 202 0
v 18 203 0
v 18 204 0
v 18 205 0
v 18 206 0
v 18 207 0
v 18 208 0
v 18 209 0
v 18 210 0
v 18 211 0
v 18 212 0
v 18 213 0
v 18 214 0
v 18 215 0
v 18 216 0
v 18 217 0
v 18 218 0
v 18 219 0
v 18 220 0
v 18 221 0
v 18 222 0
v 18 223 0
v 18 225 0
v 18 226 0
v 18 227 0
v 18 228 0
v 18 229 0
v 18 230 0
v 18 231 0
v 18 232 0
v 18 233 0
v 18 234 0
v 18 235 0
v 18 236 0
v 18 237 0
v 18 238 0
v 18 239 0
v 18 240 0
v 18 241 0
v 18 242 0
v 18 243 0
v 18 244 0
v 18 245 0
v 18 246 0
v 18 247 0
v 18 248 0
v 18 249 0
v 18 250 0
v 18 251 0
v 18 252 0
v 18 253 0
v 18 254 0
v 18 255 0
v 18 256 0
v 18 257 0
v 18 258 0
v 18 259 0
v 18 260 0
v 18 261 0
v 18 262 0
v 18 263 0
v 18 264 0
v 18 265 0
v 18 266 0
v 18 267 0
v 18 268 0
v 18 269 0
v 18 270 0
v 18 271 0
v 18 272 0
v 18 273 0
v 18 274 0
v 18 275 0
v 18 276 0
v 18 277 0
v 18 278 0
v 18 279 0
v 18 280 0
v 18 281 0
v 18 282 0
v 18 283 0
v 18 284 0
v 18 285 0
v 18 286 0
v 18 287 0
v 18 288 0
v 18 289 0
v 18 290 0
v 18 291 0
v 18 292 0
v 18 293 0
v 18 294 0
v 18 295 0
v 18 296 0
v 18 297 0
v 18 298 0
v 18 299 0
v 18 300 0
v 18 301 0
v 18 302 0
v 18 303 0
v 18 304 0
v 18 305 0
v 18 306 0
v 18 307 0
v 18 308 0
v 18 309 0
v 18 310 0
v 18 311 0
v 18 312 0
v 18 313 0
v 18 314 0
v 18 315 0
v 18 316 0
v 18 317 0
v 18 318 0
v 18 319 0
v 18 320 0
v 18 321 0
v 18 322 0
v 18 323 0
v 18 324 0
v 18 325 0
v 18 326 0
v 18 327 0
v 18 328 0
v 18 329 0
v 18 330 0
v 18 331 0
v 18 332 0
v 18 333 0
v 18 334 0
v 18 335 0
v 18 336 0
v 18 337 0
v 18 338 0
v 18 339 0
v 18 340 0
v 18 341 0
v 18 342 0
v 18 343 0
v 18 344 0
v 18 345 0
v 18 346 0
v 18 347 0
v 18 348 0
v 18 349 0
v 18 350 0
v 18 351 0
v 19 158 0
v 19 159 0
v 19 160 0
v 19 161 0
v 19 162 0
v 19 163 0
v 19 164 0
v 19 165 0
v 19 166 0
v 19 167 0
v 19 168 0
v 19 169 0
v 19 170 0
v 19 171 0
v 19 172 0
v 19 173 0
v 19 174 0
v 19 175 0
v 19 176 0
v 19 177 0
v 19 178 0
v 19 179 0
v 19 180 0
v 19 181 0
v 19 182 0
v 19 183 0
v 19 184 0
v 19 185 0
v 19 186 0
v 19 187 0
v 19 188 0
v 19 189 0
v 19 190 0
v 19 192 0
v 19 193 0
v 19 194 0
v 19 195 0
v 19 196 0
v 19 197 0
v 19 198 0
v 19 199 0
v 19 200 0
v 19 201 0
v 19 202 0
v 19 203 0
v 19 204 0
v 19 205 0
v 19 206 0
v 19 207 0
v 19 208 0
v 19 209 0
v 19 210 0
v 19 211 0
v 19 212 0
v 19 213 0
v 19 214 0
v 19 215 0
v 19 216 0
v 19 217 0
v 19 218 0
v 19 219 0
v 19 220 0
v 19 221 0
v 19 222 0
v 19 223 0
v 19 224 0
v 19 225 0
v 19 226 0
v 19 227 0
v 19 228 0
v 19 229 0
v 19 230 0
v 19 231 0
v 19 232 0
v 19 233 0
v 19 234 0
v 19 235 0
v 19 236 0
v 19 237 0
v 19 238 0
v 19 239 0
v 19 241 0
v 19 242 0
v 19 243 0
v 19 244 0
v 19 245 0
v 19 246 0
v 19 247 0
v 19 248 0
v 19 249 0
v 19 250 0
v 19 251 0
v 19 252 0
v 19 253 0
v 19 254 0
v 19 255 0
v 19 256 0
v 19 257 0
v 19 258 0
v 19 259 0
v 19 260 0
v 19 261 0
v 19 262 0
v 19 263 0
v 19 264 0
v 19 265 0
v 19 266 0
v 19 267 0
v 19 268 0
v 19 269 0
v 19 270 0
v 19 271 0
v 19 272 0
v 19 273 0
v 19 274 0
v 19 275 0
v 19 276 0
v 19 277 0
v 19 278 0
v 19 279 0
v 19 280 0
v 19 281 0
v 19 282 0
v 19 283 0
v 19 284 0
v 19 285 0
v 19 286 0
v 19 287 0
v 19 288 0
v 19 289 0
v 19 290 0
v 19 291 0
v 19 292 0
v 19 293 0
v 19 294 0
v 19 295 0
v 19 296 0
v 19 297 0
v 19 298 0
v 19 299 0
v 19 300 0
v 19 301 0
v 19 302 0
v 19 303 0
v 19 304 0
v 19 305 0
v 19 306 0
v 19 307 0
v 19 308 0
v 19 309 0
v 19 310 0
v 19 311 0
v 19 312 0
v 19 313 0
v 19 314 0
v 19 315 0
v 19 316 0
v 19 317 0
v 19 318 0
v 19 319 0
v 19 320 0
v 19 321 0
v 19 322 0
v 19 323 0
v 19 324 0
v 19 325 0
v 19 326 0
v 19 327 0
v 19 328 0
v 19 329 0
v 19 330 0
v 19 331 0
v 19 332 0
v 19 333 0
v 19 334 0
v 19 335 0
v 19 336 0
v 19 337 0
v 19 338 0
v 19 339 0
v 19 340 0
v 19 341 0
v 19 342 0
v 19 343 0
v 19 344 0
v 19 345 0
v 19 346 0
v 19 347 0
v 19 348 0
v 19 349 0
v 19 350 0
v 19 351 0
v 19 352 0
v 19 353 0
v 20 155 0
v 20 156 0
v 20 157 0
v 20 158 0
v 20 159 0
v 20 160 0
v 20 161 0
v 20 162 0
v 20 163 0
v 20 164 0
v 20 165 0
v 20 166 0
v 20 167 0
v 20 168 0
v 20 169 0
v 20 170 0
v 20 171 0
v 20 172 0
v 20 173 0
v 20 174 0
v 20 175 0
v 20 176 0
v 20 177 0
v 20 178 0
v 20 179 0
v 20 180 0
v 20 181 0
v 20 182 0
v 20 183 0
v 20 184 0
v 20 185 0
v 20 186 0
v 20 187 0
v 20 188 0
v 20 189 0
v 20 190 0
v 20 191 0
v 20 192 0
v 20 193 0
v 20 194 0
v 20 195 0
v 20 196 0
v 20 197 0
v 20 198 0
v 20 199 0
v 20 200 0
v 20 201 0
v 20 202 0
v 20 203 0
v 20 204 0
v 20 205 0
v 20 206 0
v 20 207 0
v 20 208 0
v 20 209 0
v 20 210 0
v 20 211 0
v 20 212 0
v 20 213 0
v 20 214 0
v 20 215 0
v 20 216 0
v 20 217 0
v 20 218 0
v 20 219 0
v 20 220 0
v 20 221 0
v 20 222 0
v 20 223 0
v 20 224 0
v 20 225 0
v 20 226 0
v 20 227 0
v 20 228 0
v 20 229 0
v 20 230 0
v 20 231 0
v 20 232 0
v 20 233 0
v 20 234 0
v 20 235 0
v 20 236 0
v 20 237 0
v 20 238 0
v 20 239 0
v 20 240 0
v 20 241 0
v 20 242 0
v 20 243 0
v 20 244 0
v 20 245 0
v 20 246 0
v 20 247 0
v 20 248 0
v 20 249 0
v 20 250 0
v 20 251 0
v 20 252 0
v 20 253 0
v 20 254 0
v 20 255 0
v 20 256 0
v 20 257 0
v 20 258 0
v 20 259 0
v 20 260 0
v 20 261 0
v 20 262 0
v 20 263 0
v 20 264 0
v 20 265 0
v 20 266 0
v 20 267 0
v 20 268 0
v 20 269 0
v 20 270 0
v 20 271 0
v 20 272 0
v 20 273 0
v 20 274 0
v 20 275 0
v 20 276 0
v 20 277 0
v 20 278 0
v 20 279 0
v 20 280 0
v 20 281 0
v 20 282 0
v 20 283 0
v 20 284 0
v 20 285 0
v 20 286 0
v 20 287 0
v 20 288 0
v 20 289 0
v 20 290 0
v 20 291 0
v 20 292 0
v 20 293 0
v 20 294 0
v 20 295 0
v 20 296 0
v 20 297 0
v 20 298 0
v 20 299 0
v 20 300 0
v 20 301 0
v 20 302 0
v 20 303 0
v 20 304 0
v 20 305 0
v 20 306 0
v 20 307 0
v 20 308 0
v 20 309 0
v 20 310 0
v 20 311 0
v 20 312 0
v 20 313 0
v 20 314 0
v 20 315 0
v 20 316 0
v 20 317 0
v 20 318 0
v 20 319 0
v 20 320 0
v 20 321 0
v 20 322 0
v 20 323 0
v 20 324 0
v 20 325 0
v 20 326 0
v 20 327 0
v 20 328 0
v 20 329 0
v 20 330 0
v 20 331 0
v 20 332 0
v 20 333 0
v 20 334 0
v 20 335 0
v 20 336 0
v 20 337 0
v 20 338 0
v 20 339 0
v 20 340 0
v 20 341 0
v 20 342 0
v 20 343 0
v 20 344 0
v 20 345 0
v 20 346 0
v 20 347 0
v 20 348 0
v 20 349 0
v 20 350 0
v 20 351 0
v 20 352 0
v 20 353 0
v 20 354 0
v 20 355 0
v 20 356 0
v 21 153 0
v 21 154 0
v 21 155 0
v 21 156 0
v 21 157 0
v 21 158 0
v 21 159 0
v 21 160 0
v 21 161 0
v 21 162 0
v 21 163 0
v 21 164 0
v 21 165 0
v 21 166 0
v 21 167 0
v 21 168 0
v 21 169 0
v 21 170 0
v 21 171 0
v 21 172 0
v 21 173 0
v 21 174 0
v 21 175 0
v 21 176 0
v 21 177 0
v 21 178 0
v 21 179 0
v 21 180 0
v 21 181 0
v 21 182 0
v 21 183 0
v 21 184 0
v 21 185 0
v 21 186 0
v 21 187 0
v 21 188 0
v 21 189 0
v 21 190 0
v 21 191 0
v 21 192 0
v 21 193 0
v 21 194 0
v 21 195 0
v 21 196 0
v 21 197 0
v 21 198 0
v 21 199 0
v 21 200 0
v 21 201 0
v 21 202 0
v 21 203 0
v 21 204 0
v 21 205 0
v 21 206 0
v 21 207 0
v 21 208 0
v 21 209 0
v 21 210 0
v 21 211 0
v 21 212 0
v 21 213 0
v 21 214 0
v 21 215 0
v 21 216 0
v 21 217 0
v 21 218 0
v 21 219 0
v 21 220 0
v 21 221 0
v 21 222 0
v 21 223 0
v 21 224 0
v 21 225 0
v 21 226 0
v 21 227 0
v 21 228 0
v 21 229 0
v 21 230 0
v 21 231 0
v 21 232 0
v 21 233 0
v 21 234 0
v 21 235 0
v 21 236 0
v 21 237 0
v 21 238 0
v 21 239 0
v 21 240 0
v 21 241 0
v 21 242 0
v 21 243 0
v 21 244 0
v 21 245 0
v 21 246 0
v 21 247 0
v 21 248 0
v 21 249 0
v 21 250 0
v 21 251 0
v 21 252 0
v 21 253 0
v 21 254 0
v 21 255 0
v 21 256 0
v 21 257 0
v 21 258 0
v 21 259 0
v 21 260 0
v 21 261 0
v 21 262 0
v 21 263 0
v 21 264 0
v 21 265 0
v 21 266 0
v 21 267 0
v 21 268 0
v 21 269 0
v 21 270 0
v 21 271 0
v 21 272 0
v 21 273 0
v 21 274 0
v 21 275 0
v 21 276 0
v 21 277 0
v 21 278 0
v 21 279 0
v 21 280 0
v 21 281 0
v 21 282 0
v 21 283 0
v 21 284 0
v 21 285 0
v 21 286 0
v 21 287 0
v 21 288 0
v 21 289 0
v 21 290 0
v 21 291 0
v 21 292 0
v 21 293 0
v 21 294 0
v 21 295 0
v 21 296 0
v 21 297 0
v 21 298 0
v 21 299 0
v 21 300 0
v 21 301 0
v 21 302 0
v 21 303 0
v 21 304 0
v 21 305 0
v 21 306 0
v 21 307 0
v 21 308 0
v 21 309 0
v 21 310 0
v 21 311 0
v 21 312 0
v 21 313 0
v 21 314 0
v 21 315 0
v 21 316 0
v 21 317 0
v 21 318 0
v 21 319 0
v 21 320 0
v 21 321 0
v 21 322 0
v 21 323 0
v 21 324 0
v 21 325 0
v 21 326 0
v 21 327 0
v 21 328 0
v 21 329 0
v 21 330 0
v 21 331 0
v 21 332 0
v 21 333 0
v 21 334 0
v 21 335 0
v 21 336 0
v 21 337 0
v 21 339 0
v 21 340 0
v 21 341 0
v 21 342 0
v 21 343 0
v 21 344 0
v 21 345 0
v 21 346 0
v 21 347 0
v 21 348 0
v 21 349 0
v 21 350 0
v 21 351 0
v 21 352 0
v 21 353 0
v 21 354 0
v 21 355 0
v 21 356 0
v 21 357 0
v 21 358 0
v 22 151 0
v 22 152 0
v 22 153 0
v 22 154 0
v 22 155 0
v 22 156 0
v 22 157 0
v 22 158 0
v 22 159 0
v 22 160 0
v 22 161 0
v 22 162 0
v 22 163 0
v 22 164 0
v 22 165 0
v 22 166 0
v 22 167 0
v 22 168 0
v 22 169 0
v 22 170 0
v 22 171 0
v 22 172 0
v 22 173 0
v 22 174 0
v 22 175 0
v 22 176 0
v 22 177 0
v 22 178 0
v 22 179 0
v 22 180 0
v 22 181 0
v 22 182 0
v 22 183 0
v 22 184 0
v 22 185 0
v 22 186 0
v 22 187 0
v 22 188 0
v 22 189 0
v 22 190 0
v 22 191 0
v 22 192 0
v 22 193 0
v 22 194 0
v 22 195 0
v 22 196 0
v 22 197 0
v 22 198 0
v 22 199 0
v 22 200 0
v 22 201 0
v 22 202 0
v 22 203 0
v 22 204 0
v 22 205 0
v 22 206 0
v 22 207 0
v 22 208 0
v 22 209 0
v 22 210 0
v 22 211 0
v 22 212 0
v 22 213 0
v 22 214 0
v 22 215 0
v 22 216 0
v 22 217 0
v 22 218 0
v 22 219 0
v 22 220 0
v 22 221 0
v 22 222 0
v 22 223 0
v 22 224 0
v 22 225 0
v 22 226 0
v 22 227 0
v 22 228 0
v 22 229 0
v 22 230 0
v 22 231 0
v 22 232 0
v 22 233 0
v 22 234 0
v 22 235 0
v 22 236 0
v 22 237 0
v 22 238 0
v 22 239 0
v 22 240 0
v 22 241 0
v 22 242 0
v 22 243 0
v 22 244 0
v 22 245 0
v 22 246 0
v 22 247 0
v 22 248 0
v 22 249 0
v 22 250 0
v 22 251 0
v 22 252 0
v 22 253 0
v 22 254 0
v 22 255 0
v 22 256 0
v 22 257 0
v 22 258 0
v 22 259 0
v 22 260 0
v 22 261 0
v 22 262 0
v 22 263 0
v 22 264 0
v 22 265 0
v 22 266 0
v 22 267 0
v 22 268 0
v 22 269 0
v 22 270 0
v 22 271 0
v 22 272 0
v 22 273 0
v 22 274 0
v 22 275 0
v 22 276 0
v 22 277 0
v 22 278 0
v 22 279 0
v 22 280 0
v 22 281 0
v 22 282 0
v 22 283 0
v 22 284 0
v 22 285 0
v 22 286 0
v 22 287 0
v 22 288 0
v 22 289 0
v 22 290 0
v 22 291 0
v 22 292 0
v 22 293 0
v 22 294 0
v 22 295 0
v 22 296 0
v 22 297 0
v 22 298 0
v 22 299 0
v 22 300 0
v 22 301 0
v 22 302 0
v 22 303 0
v 22 304 0
v 22 305 0
v 22 306 0
v 22 307 0
v 22 308 0
v 22 309 0
v 22 310 0
v 22 311 0
v 22 312 0
v 22 313 0
v 22 314 0
v 22 315 0
v 22 316 0
v 22 317 0
v 22 318 0
v 22 319 0
v 22 320 0
v 22 321 0
v 22 322 0
v 22 323 0
v 22 324 0
v 22 325 0
v 22 326 0
v 22 327 0
v 22 328 0
v 22 329 0
v 22 330 0
v 22 331 0
v 22 332 0
v 22 333 0
v 22 334 0
v 22 335 0
v 22 336 0
v 22 337 0
v 22 338 0
v 22 339 0
v 22 340 0
v 22 341 0
v 22 342 0
v 22 343 0
v 22 344 0
v 22 345 0
v 22 346 0
v 22 347 0
v 22 348 0
v 22 349 0
v 22 350 0
v 22 351 0
v 22 352 0
v 22 353 0
v 22 354 0
v 22 355 0
v 22 356 0
v 22 357 0
v 22 358 0
v 22 359 0
v 22 360 0
v 23 149 0
v 23 150 0
v 23 151 0
v 23 152 0
v 23 153 0
v 23 154 0
v 23 155 0
v 23 156 0
v 23 157 0
v 23 158 0
v 23 159 0
v 23 160 0
v 23 161 0
v 23 162 0
v 23 163 0
v 23 164 0
v 23 165 0
v 23 166 0
v 23 167 0
v 23 168 0
v 23 169 0
v 23 170 0
v 23 171 0
v 23 172 0
v 23 173 0
v 23 174 0
v 23 175 0
v 23 176 0
v 23 177 0
v 23 178 0
v 23 179 0
v 23 180 0
v 23 181 0
v 23 182 0
v 23 183 0
v 23 184 0
v 23 185 0
v 23 187 0
v 23 188 0
v 23 189 0
v 23 190 0
v 23 191 0
v 23 192 0
v 23 193 0
v 23 194 0
v 23 195 0
v 23 196 0
v 23 197 0
v 23 198 0
v 23 199 0
v 23 200 0
v 23 201 0
v 23 202 0
v 23 203 0
v 23 204 0
v 23 205 0
v 23 206 0
v 23 207 0
v 23 208 0
v 23 209 0
v 23 210 0
v 23 211 0
v 23 212 0
v 23 213 0
v 23 214 0
v 23 215 0
v 23 216 0
v 23 217 0
v 23 218 0
v 23 219 0
v 23 220 0
v 23 221 0
v 23 222 0
v 23 223 0
v 23 224 0
v 23 225 0
v 23 226 0
v 23 227 0
v 23 228 0
v 23 229 0
v 23 230 0
v 23 231 0
v 23 232 0
v 23 233 0
v 23 234 0
v 23 235 0
v 23 236 0
v 23 237 0
v 23 238 0
v 23 239 0
v 23 240 0
v 23 241 0
v 23 242 0
v 23 243 0
v 23 244 0
v 23 245 0
v 23 246 0
v 23 247 0
v 23 248 0
v 23 249 0
v 23 250 0
v 23 251 0
v 23 252 0
v 23 253 0
v 23 254 0
v 23 255 0
v 23 256 0
v 23 257 0
v 23 258 0
v 23 259 0
v 23 260 0
v 23 261 0
v 23 262 0
v 23 263 0
v 23 264 0
v 23 265 0
v 23 266 0
v 23 267 0
v 23 268 0
v 23 269 0
v 23 270 0
v 23 271 0
v 23 272 0
v 23 273 0
v 23 274 0
v 23 275 0
v 23 276 0
v 23 277 0
v 23 278 0
v 23 279 0
v 23 280 0
v 23 281 0
v 23 282 0
v 23 283 0
v 23 284 0
v 23 285 0
v 23 286 0
v 23 287 0
v 23 288 0
v 23 289 0
v 23 290 0
v 23 291 0
v 23 292 0
v 23 293 0
v 23 294 0
v 23 295 0
v 23 296 0
v 23 297 0
v 23 298 0
v 23 299 0
v 23 300 0
v 23 301 0
v 23 302 0
v 23 303 0
v 23 304 0
v 23 305 0
v 23 306 0
v 23 307 0
v 23 308 0
v 23 309 0
v 23 310 0
v 23 311 0
v 23 312 0
v 23 313 0
v 23 314 0
v 23 315 0
v 23 316 0
v 23 317 0
v 23 318 0
v 23 319 0
v 23 320 0
v 23 321 0
v 23 322 0
v 23 323 0
v 23 324 0
v 23 325 0
v 23 326 0
v 23 327 0
v 23 328 0
v 23 329 0
v 23 330 0
v 23 331 0
v 23 332 0
v 23 333 0
v 23 334 0
v 23 335 0
v 23 336 0
v 23 337 0
v 23 338 0
v 23 339 0
v 23 340 0
v 23 341 0
v 23 342 0
v 23 343 0
v 23 344 0
v 23 345 0
v 23 346 0
v 23 347 0
v 23 348 0
v 23 349 0
v 23 350 0
v 23 351 0
v 23 352 0
v 23 353 0
v 23 354 0
v 23 355 0
v 23 356 0
v 23 357 0
v 23 358 0
v 23 359 0
v 23 360 0
v 23 361 0
v 23 362 0
v 24 146 0
v 24 147 0
v 24 148 0
v 24 149 0
v 24 150 0
v 24 151 0
v 24 152 0
v 24 153 0
v 24 154 0
v 24 155 0
v 24 156 0
v 24 157 0
v 24 158 0
v 24 159 0
v 24 160 0
v 24 161 0
v 24 162 0
v 24 163 0
v 24 164 0
v 24 165 0
v 24 166 0
v 24 167 0
v 24 168 0
v 24 169 0
v 24 170 0
v 24 171 0
v 24 172 0
v 24 173 0
v 24 174 0
v 24 175 0
v 24 176 0
v 24 177 0
v 24 178 0
v 24 179 0
v 24 180 0
v 24 181 0
v 24 182 0
v 24 184 0
v 24 185 0
v 24 186 0
v 24 187 0
v 24 188 0
v 24 189 0
v 24 190 0
v 24 191 0
v 24 192 0
v 24 193 0
v 24 194 0
v 24 195 0
v 24 196 0
v 24 197 0
v 24 198 0
v 24 199 0
v 24 200 0
v 24 201 0
v 24 202 0
v 24 203 0
v 24 204 0
v 24 205 0
v 24 206 0
v 24 207 0
v 24 208 0
v 24 209 0
v 24 210 0
v 24 211 0
v 24 212 0
v 24 213 0
v 24 214 0
v 24 215 0
v 24 216 0
v 24 217 0
v 24 218 0
v 24 219 0
v 24 220 0
v 24 221 0
v 24 222 0
v 24 223 0
v 24 224 0
v 24 225 0
v 24 226 0
v 24 227 0
v 24 228 0
v 24 229 0
v 24 230 0
v 24 231 0
v 24 232 0
v 24 233 0
v 24 234 0
v 24 235 0
v 24 236 0
v 24 237 0
v 24 238 0
v 24 239 0
v 24 240 0
v 24 241 0
v 24 242 0
v 24 243 0
v 24 244 0
v 24 245 0
v 24 246 0
v 24 247 0
v 24 248 0
v 24 249 0
v 24 250 0
v 24 251 0
v 24 252 0
v 24 253 0
v 24 254 0
v 24 255 0
v 24 256 0
v 24 257 0
v 24 258 0
v 24 259 0
v 24 260 0
v 24 261 0
v 24 262 0
v 24 263 0
v 24 264 0
v 24 265 0
v 24 266 0
v 24 267 0
v 24 268 0
v 24 269 0
v 24 270 0
v 24 271 0
v 24 272 0
v 24 273 0
v 24 274 0
v 24 275 0
v 24 276 0
v 24 277 0
v 24 278 0
v 24 279 0
v 24 280 0
v 24 281 0
v 24 282 0
v 24 283 0
v 24 284 0
v 24 285 0
v 24 286 0
v 24 287 0
v 24 288 0
v 24 289 0
v 24 290 0
v 24 291 0
v 24 292 0
v 24 293 0
v 24 294 0
v 24 295 0
v 24 296 0
v 24 297 0
v 24 298 0
v 24 299 0
v 24 300 0
v 24 301 0
v 24 302 0
v 24 303 0
v 24 304 0
v 24 305 0
v 24 306 0
v 24 307 0
v 24 308 0
v 24 309 0
v 24 310 0
v 24 311 0
v 24 312 0
v 24 313 0
v 24 314 0
v 24 315 0
v 24 316 0
v 24 317 0
v 24 318 0
v 24 319 0
v 24 320 0
v 24 321 0
v 24 322 0
v 24 323 0
v 24 324 0
v 24 325 0
v 24 326 0
v 24 327 0
v 24 328 0
v 24 329 0
v 24 330 0
v 24 331 0
v 24 332 0
v 24 333 0
v 24 334 0
v 24 335 0
v 24 336 0
v 24 337 0
v 24 338 0
v 24 339 0
v 24 340 0
v 24 341 0
v 24 342 0
v 24 343 0
v 24 344 0
v 24 345 0
v 24 346 0
v 24 347 0
v 24 348 0
v 24 349 0
v 24 350 0
v 24 351 0
v 24 352 0
v 24 353 0
v 24 354 0
v 24 355 0
v 24 356 0
v 24 357 0
v 24 358 0
v 24 359 0
v 24 360 0
v 24 361 0
v 24 362 0
v 24 363 0
v 24 364 0
v 24 365 0
v 25 144 0
v 25 145 0
v 25 146 0
v 25 147 0
v 25 148 0
v 25 149 0
v 25 150 0
v 25 151 0
v 25 152 0
v 25 153 0
v 25 154 0
v 25 155 0
v 25 156 0
v 25 157 0
v 25 158 0
v 25 159 0
v 25 160 0
v 25 161 0
v 25 162 0
v 25 163 0
v 25 164 0
v 25 165 0
v 25 166 0
v 25 167 0
v 25 168 0
v 25 169 0
v 25 170 0
v 25 171 0
v 25 172 0
v 25 173 0
v 25 174 0
v 25 175 0
v 25 176 0
v 25 177 0
v 25 178 0
v 25 179 0
v 25 180 0
v 25 181 0
v 25 182 0
v 25 183 0
v 25 185 0
v 25 186 0
v 25 187 0
v 25 188 0
v 25 189 0
v 25 190 0
v 25 191 0
v 25 192 0
v 25 193 0
v 25 194 0
v 25 195 0
v 25 196 0
v 25 197 0
v 25 198 0
v 25 199 0
v 25 200 0
v 25 201 0
v 25 202 0
v 25 203 0
v 25 204 0
v 25 205 0
v 25 206 0
v 25 207 0
v 25 208 0
v 25 209 0
v 25 210 0
v 25 211 0
v 25 212 0
v 25 213 0
v 25 214 0
v 25 215 0
v 25 216 0
v 25 217 0
v 25 218 0
v 25 219 0
v 25 220 0
v 25 221 0
v 25 222 0
v 25 223 0
v 25 224 0
v 25 225 0
v 25 226 0
v 25 227 0
v 25 228 0
v 25 229 0
v 25 230 0
v 25 231 0
v 25 232 0
v 25 233 0
v 25 234 0
v 25 235 0
v 25 236 0
v 25 237 0
v 25 238 0
v 25 239 0
v 25 240 0
v 25 241 0
v 25 242 0
v 25 243 0
v 25 244 0
v 25 245 0
v 25 246 0
v 25 247 0
v 25 248 0
v 25 249 0
v 25 250 0
v 25 251 0
v 25 252 0
v 25 253 0
v 25 254 0
v 25 255 0
v 25 256 0
v 25 257 0
v 25 258 0
v 25 259 0
v 25 260 0
v 25 261 0
v 25 262 0
v 25 263 0
v 25 264 0
v 25 265 0
v 25 266 0
v 25 267 0
v 25 268 0
v 25 269 0
v 25 270 0
v 25 271 0
v 25 272 0
v 25 273 0
v 25 274 0
v 25 275 0
v 25 276 0
v 25 277 0
v 25 278 0
v 25 279 0
v 25 280 0
v 25 281 0
v 25 282 0
v 25 283 0
v 25 284 0
v 25 285 0
v 25 286 0
v 25 287 0
v 25 288 0
v 25 289 0
v 25 290 0
v 25 291 0
v 25 292 0
v 25 293 0
v 25 294 0
v 25 295 0
v 25 296 0
v 25 297 0
v 25 298 0
v 25 299 0
v 25 300 0
v 25 301 0
v 25 302 0
v 25 303 0
v 25 304 0
v 25 305 0
v 25 306 0
v 25 307 0
v 25 308 0
v 25 309 0
v 25 310 0
v 25 311 0
v 25 312 0
v 25 313 0
v 25 314 0
v 25 315 0
v 25 316 0
v 25 317 0
v 25 318 0
v 25 319 0
v 25 320 0
v 25 321 0
v 25 322 0
v 25 323 0
v 25 324 0
v 25 325 0
v 25 326 0
v 25 327 0
v 25 328 0
v 25 329 0
v 25 330 0
v 25 331 0
v 25 332 0
v 25 333 0
v 25 334 0
v 25 335 0
v 25 336 0
v 25 338 0
v 25 339 0
v 25 340 0
v 25 341 0
v 25 342 0
v 25 343 0
v 25 344 0
v 25 345 0
v 25 346 0
v 25 347 0
v 25 348 0
v 25 349 0
v 25 350 0
v 25 351 0
v 25 352 0
v 25 353 0
v 25 354 0
v 25 355 0
v 25 356 0
v 25 357 0
v 25 358 0
v 25 359 0
v 25 360 0
v 25 361 0
v 25 362 0
v 25 363 0
v 25 364 0
v 25 365 0
v 25 366 0
v 25 367 0
v 26 142 0
v 26 143 0
v 26 144 0
v 26 145 0
v 26 146 0
v 26 147 0
v 26 148 0
v 26 149 0
v 26 150 0
v 26 151 0
v 26 152 0
v 26 153 0
v 26 154 0
v 26 155 0
v 26 156 0
v 26 157 0
v 26 158 0
v 26 159 0
v 26 160 0
v 26 161 0
v 26 162 0
v 26 163 0
v 26 164 0
v 26 165 0
v 26 166 0
v 26 167 0
v 26 168 0
v 26 169 0
v 26 170 0
v 26 171 0
v 26 172 0
v 26 173 0
v 26 174 0
v 26 175 0
v 26 176 0
v 26 177 0
v 26 179 0
v 26 180 0
v 26 181 0
v 26 182 0
v 26 183 0
v 26 184 0
v 26 185 0
v 26 186 0
v 26 187 0
v 26 188 0
v 26 189 0
v 26 190 0
v 26 191 0
v 26 192 0
v 26 193 0
v 26 194 0
v 26 195 0
v 26 196 0
v 26 197 0
v 26 198 0
v 26 199 0
v 26 200 0
v 26 201 0
v 26 202 0
v 26 203 0
v 26 204 0
v 26 205 0
v 26 206 0
v 26 207 0
v 26 208 0
v 26 209 0
v 26 210 0
v 26 211 0
v 26 212 0
v 26 213 0
v 26 214 0
v 26 216 0
v 26 217 0
v 26 218 0
v 26 219 0
v 26 220 0
v 26 221 0
v 26 222 0
v 26 223 0
v 26 224 0
v 26 225 0
v 26 226 0
v 26 227 0
v 26 228 0
v 26 229 0
v 26 230 0
v 26 231 0
v 26 232 0
v 26 233 0
v 26 234 0
v 26 235 0
v 26 236 0
v 26 237 0
v 26 238 0
v 26 239 0
v 26 240 0
v 26 241 0
v 26 242 0
v 26 243 0
v 26 244 0
v 26 245 0
v 26 246 0
v 26 247 0
v 26 248 0
v 26 249 0
v 26 250 0
v 26 251 0
v 26 252 0
v 26 253 0
v 26 254 0
v 26 255 0
v 26 256 0
v 26 257 0
v 26 258 0
v 26 259 0
v 26 260 0
v 26 261 0
v 26 262 0
v 26 263 0
v 26 264 0
v 26 265 0
v 26 266 0
v 26 267 0
v 26 268 0
v 26 269 0
v 26 270 0
v 26 271 0
v 26 272 0
v 26 273 0
v 26 274 0
v 26 275 0
v 26 276 0
v 26 277 0
v 26 278 0
v 26 279 0
v 26 280 0
v 26 281 0
v 26 282 0
v 26 283 0
v 26 284 0
v 26 285 0
v 26 286 0
v 26 287 0
v 26 288 0
v 26 289 0
v 26 290 0
v 26 291 0
v 26 292 0
v 26 293 0
v 26 294 0
v 26 295 0
v 26 296 0
v 26 297 0
v 26 298 0
v 26 299 0
v 26 300 0
v 26 301 0
v 26 302 0
v 26 303 0
v 26 304 0
v 26 305 0
v 26 306 0
v 26 307 0
v 26 308 0
v 26 309 0
v 26 310 0
v 26 311 0
v 26 312 0
v 26 313 0
v 26 314 0
v 26 315 0
v 26 316 0
v 26 317 0
v 26 318 0
v 26 319 0
v 26 320 0
v 26 321 0
v 26 322 0
v 26 323 0
v 26 324 0
v 26 325 0
v 26 326 0
v 26 327 0
v 26 328 0
v 26 329 0
v 26 330 0
v 26 331 0
v 26 332 0
v 26 333 0
v 26 334 0
v 26 335 0
v 26 336 0
v 26 337 0
v 26 338 0
v 26 339 0
v 26 340 0
v 26 341 0
v 26 342 0
v 26 343 0
v 26 344 0
v 26 345 0
v 26 346 0
v 26 347 0
v 26 348 0
v 26 349 0
v 26 350 0
v 26 351 0
v 26 352 0
v 26 353 0
v 26 354 0
v 26 355 0
v 26 356 0
v 26 357 0
v 26 358 0
v 26 359 0
v 26 360 0
v 26 361 0
v 26 362 0
v 26 363 0
v 26 364 0
v 26 365 0
v 26 366 0
v 26 367 0
v 26 368 0
v 26 369 0
v 27 140 0
v 27 141 0
v 27 142 0
v 27 143 0
v 27 144 0
v 27 145 0
v 27 146 0
v 27 147 0
v 27 148 0
v 27 149 0
v 27 150 0
v 27 151 0
v 27 152 0
v 27 153 0
v 27 154 0
v 27 155 0
v 27 156 0
v 27 157 0
v 27 158 0
v 27 159 0
v 27 160 0
v 27 161 0
v 27 162 0
v 27 163 0
v 27 164 0
v 27 165 0
v 27 166 0
v 27 167 0
v 27 168 0
v 27 169 0
v 27 170 0
v 27 171 0
v 27 172 0
v 27 173 0
v 27 174 0
v 27 175 0
v 27 176 0
v 27 177 0
v 27 178 0
v 27 179 0
v 27 180 0
v 27 181 0
v 27 182 0
v 27 183 0
v 27 184 0
v 27 185 0
v 27 186 0
v 27 187 0
v 27 188 0
v 27 189 0
v 27 190 0
v 27 191 0
v 27 192 0
v 27 193 0
v 27 194 0
v 27 195 0
v 27 196 0
v 27 197 0
v 27 198 0
v 27 199 0
v 27 200 0
v 27 201 0
v 27 202 0
v 27 203 0
v 27 204 0
v 27 205 0
v 27 206 0
v 27 207 0
v 27 208 0
v 27 209 0
v 27 210 0
v 27 211 0
v 27 212 0
v 27 213 0
v 27 214 0
v 27 215 0
v 27 216 0
v 27 217 0
v 27 218 0
v 27 219 0
v 27 220 0
v 27 221 0
v 27 222 0
v 27 223 0
v 27 224 0
v 27 225 0
v 27 226 0
v 27 227 0
v 27 228 0
v 27 229 0
v 27 230 0
v 27 231 0
v 27 232 0
v 27 233 0
v 27 234 0
v 27 235 0
v 27 236 0
v 27 237 0
v 27 238 0
v 27 239 0
v 27 240 0
v 27 241 0
v 27 242 0
v 27 243 0
v 27 244 0
v 27 245 0
v 27 246 0
v 27 247 0
v 27 248 0
v 27 249 0
v 27 250 0
v 27 251 0
v 27 252 0
v 27 253 0
v 27 254 0
v 27 255 0
v 27 256 0
v 27 257 0
v 27 258 0
v 27 259 0
v 27 260 0
v 27 261 0
v 27 262 0
v 27 263 0
v 27 264 0
v 27 265 0
v 27 266 0
v 27 267 0
v 27 268 0
v 27 269 0
v 27 270 0
v 27 271 0
v 27 272 0
v 27 273 0
v 27 274 0
v 27 275 0
v 27 276 0
v 27 277 0
v 27 278 0
v 27 279 0
v 27 280 0
v 27 281 0
v 27 282 0
v 27 283 0
v 27 284 0
v 27 285 0
v 27 286 0
v 27 287 0
v 27 288 0
v 27 289 0
v 27 290 0
v 27 291 0
v 27 292 0
v 27 293 0
v 27 294 0
v 27 295 0
v 27 296 0
v 27 297 0
v 27 298 0
v 27 299 0
v 27 300 0
v 27 301 0
v 27 302 0
v 27 303 0
v 27 304 0
v 27 305 0
v 27 306 0
v 27 307 0
v 27 308 0
v 27 309 0
v 27 310 0
v 27 311 0
v 27 312 0
v 27 313 0
v 27 314 0
v 27 315 0
v 27 316 0
v 27 317 0
v 27 318 0
v 27 319 0
v 27 320 0
v 27 321 0
v 27 322 0
v 27 323 0
v 27 324 0
v 27 325 0
v 27 326 0
v 27 327 0
v 27 328 0
v 27 329 0
v 27 330 0
v 27 331 0
v 27 332 0
v 27 333 0
v 27 334 0
v 27 335 0
v 27 336 0
v 27 337 0
v 27 338 0
v 27 339 0
v 27 340 0
v 27 341 0
v 27 342 0
v 27 343 0
v 27 344 0
v 27 345 0
v 27 346 0
v 27 347 0
v 27 348 0
v 27 349 0
v 27 350 0
v 27 351 0
v 27 352 0
v 27 353 0
v 27 354 0
v 27 355 0
v 27 356 0
v 27 357 0
v 27 358 0
v 27 359 0
v 27 360 0
v 27 361 0
v 27 362 0
v 27 363 0
v 27 364 0
v 27 365 0
v 27 366 0
v 27 367 0
v 27 368 0
v 27 369 0
v 27 370 0
v 27 371 0
v 28 138 0
v 28 139 0
v 28 140 0
v 28 141 0
v 28 142 0
v 28 143 0
v 28 144 0
v 28 145 0
v 28 146 0
v 28 147 0
v 28 148 0
v 28 149 0
v 28 150 0
v 28 151 0
v 28 152 0
v 28 153 0
v 28 154 0
v 28 155 0
v 28 156 0
v 28 157 0
v 28 158 0
v 28 159 0
v 28 160 0
v 28 161 0
v 28 162 0
v 28 163 0
v 28 164 0
v 28 165 0
v 28 166 0
v 28 167 0
v 28 168 0
v 28 169 0
v 28 170 0
v 28 171 0
v 28 172 0
v 28 173 0
v 28 174 0
v 28 175 0
v 28 176 0
v 28 177 0
v 28 178 0
v 28 179 0
v 28 180 0
v 28 181 0
v 28 182 0
v 28 183 0
v 28 185 0
v 28 186 0
v 28 187 0
v 28 188 0
v 28 189 0
v 28 190 0
v 28 191 0
v 28 192 0
v 28 193 0
v 28 194 0
v 28 195 0
v 28 196 0
v 28 197 0
v 28 198 0
v 28 199 0
v 28 200 0
v 28 201 0
v 28 202 0
v 28 203 0
v 28 204 0
v 28 205 0
v 28 206 0
v 28 207 0
v 28 208 0
v 28 209 0
v 28 210 0
v 28 211 0
v 28 212 0
v 28 213 0
v 28 214 0
v 28 215 0
v 28 216 0
v 28 217 0
v 28 218 0
v 28 219 0
v 28 220 0
v 28 221 0
v 28 222 0
v 28 223 0
v 28 224 0
v 28 225 0
v 28 226 0
v 28 227 0
v 28 228 0
v 28 229 0
v 28 230 0
v 28 231 0
v 28 232 0
v 28 233 0
v 28 234 0
v 28 235 0
v 28 236 0
v 28 237 0
v 28 238 0
v 28 239 0
v 28 240 0
v 28 241 0
v 28 242 0
v 28 243 0
v 28 244 0
v 28 245 0
v 28 246 0
v 28 247 0
v 28 248 0
v 28 249 0
v 28 250 0
v 28 251 0
v 28 252 0
v 28 253 0
v 28 254 0
v 28 255 0
v 28 256 0
v 28 257 0
v 28 258 0
v 28 259 0
v 28 260 0
v 28 261 0
v 28 262 0
v 28 263 0
v 28 264 0
v 28 265 0
v 28 266 0
v 28 267 0
v 28 268 0
v 28 269 0
v 28 270 0
v 28 271 0
v 28 272 0
v 28 273 0
v 28 274 0
v 28 275 0
v 28 276 0
v 28 277 0
v 28 278 0
v 28 279 0
v 28 280 0
v 28 281 0
v 28 282 0
v 28 283 0
v 28 284 0
v 28 285 0
v 28 286 0
v 28 287 0
v 28 288 0
v 28 289 0
v 28 290 0
v 28 291 0
v 28 292 0
v 28 293 0
v 28 294 0
v 28 295 0
v 28 296 0
v 28 297 0
v 28 298 0
v 28 299 0
v 28 300 0
v 28 301 0
v 28 302 0
v 28 303 0
v 28 304 0
v 28 305 0
v 28 306 0
v 28 307 0
v 28 308 0
v 28 309 0
v 28 310 0
v 28 311 0
v 28 312 0
v 28 313 0
v 28 314 0
v 28 315 0
v 28 316 0
v 28 317 0
v 28 318 0
v 28 319 0
v 28 320 0
v 28 321 0
v 28 322 0
v 28 323 0
v 28 324 0
v 28 325 0
v 28 326 0
v 28 327 0
v 28 328 0
v 28 329 0
v 28 330 0
v 28 331 0
v 28 332 0
v 28 333 0
v 28 334 0
v 28 335 0
v 28 336 0
v 28 337 0
v 28 338 0
v 28 339 0
v 28 340 0
v 28 341 0
v 28 342 0
v 28 343 0
v 28 344 0
v 28 345 0
v 28 346 0
v 28 347 0
v 28 348 0
v 28 349 0
v 28 350 0
v 28 351 0
v 28 352 0
v 28 353 0
v 28 354 0
v 28 355 0
v 28 356 0
v 28 357 0
v 28 358 0
v 28 359 0
v 28 360 0
v 28 361 0
v 28 362 0
v 28 363 0
v 28 364 0
v 28 365 0
v 28 366 0
v 28 367 0
v 28 368 0
v 28 369 0
v 28 370 0
v 28 371 0
v 28 372 0
v 28 373 0
v 29 136 0
v 29 137 0
v 29 138 0
v 29 139 0
v 29 140 0
v 29 141 0
v 29 142 0
v 29 143 0
v 29 144 0
v 29 145 0
v 29 146 0
v 29 147 0
v 29 148 0
v 29 149 0
v 29 150 0
v 29 151 0
v 29 152 0
v 29 153 0
v 29 154 0
v 29 155 0
v 29 156 0
v 29 157 0
v 29 158 0
v 29 159 0
v 29 160 0
v 29 161 0
v 29 162 0
v 29 163 0
v 29 164 0
v 29 165 0
v 29 166 0
v 29 167 0
v 29 168 0
v 29 169 0
v 29 171 0
v 29 172 0
v 29 173 0
v 29 174 0
v 29 175 0
v 29 176 0
v 29 177 0
v 29 178 0
v 29 179 0
v 29 180 0
v 29 182 0
v 29 183 0
v 29 185 0
v 29 186 0
v 29 187 0
v 29 188 0
v 29 189 0
v 29 190 0
v 29 191 0
v 29 192 0
v 29 193 0
v 29 194 0
v 29 195 0
v 29 196 0
v 29 197 0
v 29 198 0
v 29 199 0
v 29 200 0
v 29 201 0
v 29 202 0
v 29 203 0
v 29 204 0
v 29 205 0
v 29 206 0
v 29 207 0
v 29 208 0
v 29 209 0
v 29 210 0
v 29 211 0
v 29 212 0
v 29 213 0
v 29 214 0
v 29 215 0
v 29 216 0
v 29 217 0
v 29 218 0
v 29 219 0
v 29 220 0
v 29 221 0
v 29 222 0
v 29 223 0
v 29 224 0
v 29 225 0
v 29 226 0
v 29 227 0
v 29 228 0
v 29 229 0
v 29 230 0
v 29 231 0
v 29 232 0
v 29 233 0
v 29 234 0
v 29 235 0
v 29 236 0
v 29 237 0
v 29 238 0
v 29 239 0
v 29 240 0
v 29 241 0
v 29 242 0
v 29 243 0
v 29 244 0
v 29 245 0
v 29 246 0
v 29 247 0
v 29 248 0
v 29 249 0
v 29 250 0
v 29 251 0
v 29 252 0
v 29 253 0
v 29 254 0
v 29 255 0
v 29 256 0
v 29 257 0
v 29 258 0
v 29 259 0
v 29 260 0
v 29 261 0
v 29 262 0
v 29 263 0
v 29 264 0
v 29 265 0
v 29 266 0
v 29 267 0
v 29 268 0
v 29 269 0
v 29 270 0
v 29 271 0
v 29 272 0
v 29 273 0
v 29 274 0
v 29 275 0
v 29 276 0
v 29 277 0
v 29 278 0
v 29 279 0
v 29 280 0
v 29 281 0
v 29 282 0
v 29 283 0
v 29 284 0
v 29 285 0
v 29 286 0
v 29 287 0
v 29 288 0
v 29 289 0
v 29 290 0
v 29 291 0
v 29 292 0
v 29 293 0
v 29 294 0
v 29 295 0
v 29 296 0
v 29 297 0
v 29 298 0
v 29 299 0
v 29 300 0
v 29 301 0
v 29 302 0
v 29 303 0
v 29 304 0
v 29 305 0
v 29 306 0
v 29 307 0
v 29 308 0
v 29 309 0
v 29 310 0
v 29 311 0
v 29 312 0
v 29 313 0
v 29 314 0
v 29 315 0
v 29 316 0
v 29 317 0
v 29 318 0
v 29 319 0
v 29 320 0
v 29 321 0
v 29 322 0
v 29 323 0
v 29 324 0
v 29 325 0
v 29 326 0
v 29 327 0
v 29 328 0
v 29 329 0
v 29 330 0
v 29 331 0
v 29 332 0
v 29 333 0
v 29 334 0
v 29 335 0
v 29 336 0
v 29 337 0
v 29 338 0
v 29 339 0
v 29 340 0
v 29 341 0
v 29 342 0
v 29 343 0
v 29 344 0
v 29 345 0
v 29 346 0
v 29 347 0
v 29 348 0
v 29 349 0
v 29 350 0
v 29 351 0
v 29 352 0
v 29 353 0
v 29 354 0
v 29 355 0
v 29 356 0
v 29 357 0
v 29 358 0
v 29 359 0
v 29 360 0
v 29 361 0
v 29 362 0
v 29 363 0
v 29 364 0
v 29 365 0
v 29 366 0
v 29 367 0
v 29 368 0
v 29 369 0
v 29 370 0
v 29 371 0
v 29 372 0
v 29 373 0
v 29 374 0
v 29 375 0
v 30 135 0
v 30 136 0
v 30 137 0
v 30 138 0
v 30 139 0
v 30 140 0
v 30 141 0
v 30 142 0
v 30 143 0
v 30 144 0
v 30 145 0
v 30 146 0
v 30 147 0
v 30 148 0
v 30 149 0
v 30 150 0
v 30 151 0
v 30 152 0
v 30 153 0
v 30 154 0
v 30 155 0
v 30 156 0
v 30 157 0
v 30 158 0
v 30 159 0
v 30 160 0
v 30 161 0
v 30 162 0
v 30 163 0
v 30 164 0
v 30 165 0
v 30 166 0
v 30 167 0
v 30 168 0
v 30 169 0
v 30 170 0
v 30 171 0
v 30 172 0
v 30 173 0
v 30 174 0
v 30 175 0
v 30 176 0
v 30 177 0
v 30 178 0
v 30 180 0
v 30 181 0
v 30 182 0
v 30 183 0
v 30 184 0
v 30 185 0
v 30 186 0
v 30 187 0
v 30 188 0
v 30 189 0
v 30 190 0
v 30 191 0
v 30 192 0
v 30 193 0
v 30 194 0
v 30 195 0
v 30 196 0
v 30 197 0
v 30 198 0
v 30 199 0
v 30 200 0
v 30 201 0
v 30 202 0
v 30 203 0
v 30 204 0
v 30 205 0
v 30 206 0
v 30 207 0
v 30 208 0
v 30 209 0
v 30 210 0
v 30 211 0
v 30 212 0
v 30 213 0
v 30 214 0
v 30 215 0
v 30 216 0
v 30 217 0
v 30 218 0
v 30 219 0
v 30 220 0
v 30 221 0
v 30 222 0
v 30 223 0
v 30 224 0
v 30 225 0
v 30 226 0
v 30 227 0
v 30 228 0
v 30 229 0
v 30 230 0
v 30 231 0
v 30 232 0
v 30 233 0
v 30 234 0
v 30 235 0
v 30 236 0
v 30 237 0
v 30 238 0
v 30 239 0
v 30 240 0
v 30 241 0
v 30 242 0
v 30 243 0
v 30 244 0
v 30 245 0
v 30 246 0
v 30 247 0
v 30 248 0
v 30 249 0
v 30 250 0
v 30 251 0
v 30 252 0
v 30 253 0
v 30 254 0
v 30 255 0
v 30 256 0
v 30 257 0
v 30 258 0
v 30 259 0
v 30 260 0
v 30 261 0
v 30 263 0
v 30 264 0
v 30 265 0
v 30 266 0
v 30 267 0
v 30 268 0
v 30 269 0
v 30 270 0
v 30 271 0
v 30 272 0
v 30 273 0
v 30 274 0
v 30 275 0
v 30 276 0
v 30 277 0
v 30 278 0
v 30 279 0
v 30 280 0
v 30 281 0
v 30 282 0
v 30 283 0
v 30 284 0
v 30 285 0
v 30 286 0
v 30 287 0
v 30 288 0
v 30 289 0
v 30 290 0
v 30 291 0
v 30 292 0
v 30 293 0
v 30 294 0
v 30 295 0
v 30 296 0
v 30 297 0
v 30 298 0
v 30 299 0
v 30 300 0
v 30 301 0
v 30 302 0
v 30 303 0
v 30 304 0
v 30 305 0
v 30 306 0
v 30 307 0
v 30 308 0
v 30 309 0
v 30 310 0
v 30 311 0
v 30 312 0
v 30 313 0
v 30 314 0
v 30 315 0
v 30 316 0
v 30 317 0
v 30 318 0
v 30 319 0
v 30 320 0
v 30 321 0
v 30 322 0
v 30 323 0
v 30 324 0
v 30 325 0
v 30 326 0
v 30 327 0
v 30 328 0
v 30 329 0
v 30 330 0
v 30 331 0
v 30 332 0
v 30 333 0
v 30 334 0
v 30 335 0
v 30 336 0
v 30 337 0
v 30 338 0
v 30 339 0
v 30 340 0
v 30 341 0
v 30 342 0
v 30 343 0
v 30 344 0
v 30 345 0
v 30 346 0
v 30 347 0
v 30 348 0
v 30 349 0
v 30 350 0
v 30 351 0
v 30 352 0
v 30 353 0
v 30 354 0
v 30 355 0
v 30 356 0
v 30 357 0
v 30 358 0
v 30 359 0
v 30 360 0
v 30 361 0
v 30 362 0
v 30 363 0
v 30 364 0
v 30 365 0
v 30 366 0
v 30 367 0
v 30 368 0
v 30 369 0
v 30 370 0
v 30 371 0
v 30 372 0
v 30 373 0
v 30 374 0
v 30 375 0
v 30 376 0
v 31 133 0
v 31 134 0
v 31 135 0
v 31 136 0
v 31 137 0
v 31 138 0
v 31 139 0
v 31 140 0
v 31 141 0
v 31 142 0
v 31 143 0
v 31 144 0
v 31 145 0
v 31 146 0
v 31 147 0
v 31 148 0
v 31 149 0
v 31 150 0
v 31 151 0
v 31 152 0
v 31 153 0
v 31 154 0
v 31 155 0
v 31 156 0
v 31 157 0
v 31 158 0
v 31 159 0
v 31 160 0
v 31 162 0
v 31 163 0
v 31 164 0
v 31 165 0
v 31 166 0
v 31 167 0
v 31 168 0
v 31 169 0
v 31 170 0
v 31 171 0
v 31 172 0
v 31 173 0
v 31 174 0
v 31 175 0
v 31 176 0
v 31 177 0
v 31 178 0
v 31 179 0
v 31 180 0
v 31 181 0
v 31 182 0
v 31 183 0
v 31 184 0
v 31 185 0
v 31 186 0
v 31 188 0
v 31 189 0
v 31 190 0
v 31 191 0
v 31 192 0
v 31 193 0
v 31 194 0
v 31 195 0
v 31 196 0
v 31 197 0
v 31 198 0
v 31 199 0
v 31 200 0
v 31 201 0
v 31 202 0
v 31 203 0
v 31 204 0
v 31 205 0
v 31 206 0
v 31 207 0
v 31 208 0
v 31 209 0
v 31 210 0
v 31 211 0
v 31 212 0
v 31 213 0
v 31 214 0
v 31 215 0
v 31 216 0
v 31 217 0
v 31 218 0
v 31 219 0
v 31 220 0
v 31 221 0
v 31 222 0
v 31 223 0
v 31 224 0
v 31 225 0
v 31 226 0
v 31 227 0
v 31 228 0
v 31 229 0
v 31 230 0
v 31 231 0
v 31 232 0
v 31 233 0
v 31 234 0
v 31 235 0
v 31 236 0
v 31 237 0
v 31 238 0
v 31 239 0
v 31 240 0
v 31 241 0
v 31 242 0
v 31 243 0
v 31 244 0
v 31 245 0
v 31 246 0
v 31 247 0
v 31 248 0
v 31 249 0
v 31 250 0
v 31 251 0
v 31 252 0
v 31 253 0
v 31 254 0
v 31 255 0
v 31 256 0
v 31 257 0
v 31 258 0
v 31 259 0
v 31 260 0
v 31 261 0
v 31 262 0
v 31 263 0
v 31 264 0
v 31 265 0
v 31 266 0
v 31 267 0
v 31 268 0
v 31 269 0
v 31 270 0
v 31 271 0
v 31 272 0
v 31 273 0
v 31 274 0
v 31 275 0
v 31 276 0
v 31 277 0
v 31 278 0
v 31 279 0
v 31 280 0
v 31 281 0
v 31 282 0
v 31 283 0
v 31 284 0
v 31 285 0
v 31 286 0
v 31 287 0
v 31 288 0
v 31 289 0
v 31 290 0
v 31 291 0
v 31 292 0
v 31 293 0
v 31 294 0
v 31 295 0
v 31 296 0
v 31 297 0
v 31 298 0
v 31 299 0
v 31 300 0
v 31 301 0
v 31 302 0
v 31 303 0
v 31 304 0
v 31 305 0
v 31 306 0
v 31 307 0
v 31 308 0
v 31 309 0
v 31 310 0
v 31 311 0
v 31 312 0
v 31 313 0
v 31 314 0
v 31 315 0
v 31 316 0
v 31 317 0
v 31 318 0
v 31 319 0
v 31 320 0
v 31 321 0
v 31 322 0
v 31 323 0
v 31 324 0
v 31 325 0
v 31 326 0
v 31 327 0
v 31 328 0
v 31 329 0
v 31 330 0
v 31 331 0
v 31 332 0
v 31 333 0
v 31 334 0
v 31 335 0
v 31 336 0
v 31 337 0
v 31 338 0
v 31 339 0
v 31 340 0
v 31 341 0
v 31 342 0
v 31 343 0
v 31 344 0
v 31 345 0
v 31 346 0
v 31 347 0
v 31 348 0
v 31 349 0
v 31 350 0
v 31 351 0
v 31 352 0
v 31 353 0
v 31 354 0
v 31 355 0
v 31 356 0
v 31 357 0
v 31 358 0
v 31 359 0
v 31 360 0
v 31 361 0
v 31 362 0
v 31 363 0
v 31 364 0
v 31 365 0
v 31 366 0
v 31 367 0
v 31 368 0
v 31 369 0
v 31 370 0
v 31 371 0
v 31 372 0
v 31 373 0
v 31 374 0
v 31 375 0
v 31 376 0
v 31 377 0
v 31 378 0
v 32 131 0
v 32 132 0
v 32 133 0
v 32 134 0
v 32 135 0
v 32 136 0
v 32 137 0
v 32 138 0
v 32 139 0
v 32 140 0
v 32 141 0
v 32 142 0
v 32 143 0
v 32 144 0
v 32 145 0
v 32 146 0
v 32 147 0
v 32 148 0
v 32 149 0
v 32 150 0
v 32 151 0
v 32 152 0
v 32 153 0
v 32 154 0
v 32 155 0
v 32 156 0
v 32 157 0
v 32 158 0
v 32 159 0
v 32 160 0
v 32 161 0
v 32 162 0
v 32 163 0
v 32 164 0
v 32 165 0
v 32 166 0
v 32 167 0
v 32 168 0
v 32 169 0
v 32 170 0
v 32 171 0
v 32 172 0
v 32 173 0
v 32 174 0
v 32 175 0
v 32 176 0
v 32 177 0
v 32 178 0
v 32 179 0
v 32 180 0
v 32 181 0
v 32 182 0
v 32 183 0
v 32 184 0
v 32 185 0
v 32 186 0
v 32 187 0
v 32 188 0
v 32 189 0
v 32 190 0
v 32 191 0
v 32 192 0
v 32 193 0
v 32 194 0
v 32 195 0
v 32 196 0
v 32 197 0
v 32 198 0
v 32 199 0
v 32 200 0
v 32 201 0
v 32 202 0
v 32 203 0
v 32 204 0
v 32 205 0
v 32 206 0
v 32 207 0
v 32 208 0
v 32 209 0
v 32 210 0
v 32 211 0
v 32 212 0
v 32 213 0
v 32 214 0
v 32 215 0
v 32 216 0
v 32 217 0
v 32 218 0
v 32 219 0
v 32 220 0
v 32 221 0
v 32 222 0
v 32 223 0
v 32 224 0
v 32 225 0
v 32 226 0
v 32 227 0
v 32 228 0
v 32 230 0
v 32 231 0
v 32 232 0
v 32 233 0
v 32 234 0
v 32 235 0
v 32 236 0
v 32 237 0
v 32 238 0
v 32 239 0
v 32 240 0
v 32 241 0
v 32 242 0
v 32 243 0
v 32 244 0
v 32 245 0
v 32 246 0
v 32 247 0
v 32 248 0
v 32 249 0
v 32 250 0
v 32 251 0
v 32 252 0
v 32 253 0
v 32 254 0
v 32 255 0
v 32 256 0
v 32 257 0
v 32 258 0
v 32 259 0
v 32 260 0
v 32 261 0
v 32 262 0
v 32 263 0
v 32 264 0
v 32 265 0
v 32 266 0
v 32 267 0
v 32 268 0
v 32 269 0
v 32 270 0
v 32 271 0
v 32 272 0
v 32 273 0
v 32 274 0
v 32 275 0
v 32 276 0
v 32 277 0
v 32 278 0
v 32 279 0
v 32 280 0
v 32 281 0
v 32 282 0
v 32 283 0
v 32 284 0
v 32 285 0
v 32 286 0
v 32 287 0
v 32 288 0
v 32 289 0
v 32 290 0
v 32 291 0
v 32 292 0
v 32 293 0
v 32 294 0
v 32 295 0
v 32 296 0
v 32 297 0
v 32 298 0
v 32 299 0
v 32 300 0
v 32 301 0
v 32 302 0
v 32 303 0
v 32 304 0
v 32 305 0
v 32 306 0
v 32 307 0
v 32 308 0
v 32 309 0
v 32 310 0
v 32 311 0
v 32 312 0
v 32 313 0
v 32 314 0
v 32 315 0
v 32 316 0
v 32 317 0
v 32 318 0
v 32 319 0
v 32 320 0
v 32 321 0
v 32 322 0
v 32 323 0
v 32 324 0
v 32 325 0
v 32 326 0
v 32 327 0
v 32 328 0
v 32 329 0
v 32 330 0
v 32 331 0
v 32 332 0
v 32 333 0
v 32 334 0
v 32 335 0
v 32 336 0
v 32 337 0
v 32 338 0
v 32 339 0
v 32 340 0
v 32 341 0
v 32 342 0
v 32 343 0
v 32 344 0
v 32 345 0
v 32 346 0
v 32 347 0
v 32 349 0
v 32 350 0
v 32 351 0
v 32 352 0
v 32 353 0
v 32 354 0
v 32 355 0
v 32 356 0
v 32 357 0
v 32 358 0
v 32 359 0
v 32 360 0
v 32 361 0
v 32 362 0
v 32 363 0
v 32 364 0
v 32 365 0
v 32 366 0
v 32 367 0
v 32 368 0
v 32 369 0
v 32 370 0
v 32 371 0
v 32 372 0
v 32 373 0
v 32 374 0
v 32 375 0
v 32 376 0
v 32 377 0
v 32 378 0
v 32 379 0
v 32 380 0
v 33 129 0
v 33 130 0
v 33 131 0
v 33 132 0
v 33 133 0
v 33 134 0
v 33 135 0
v 33 136 0
v 33 137 0
v 33 138 0
v 33 139 0
v 33 140 0
v 33 141 0
v 33 142 0
v 33 143 0
v 33 144 0
v 33 145 0
v 33 146 0
v 33 147 0
v 33 148 0
v 33 149 0
v 33 150 0
v 33 151 0
v 33 152 0
v 33 153 0
v 33 154 0
v 33 155 0
v 33 156 0
v 33 157 0
v 33 158 0
v 33 159 0
v 33 160 0
v 33 161 0
v 33 162 0
v 33 163 0
v 33 164 0
v 33 165 0
v 33 166 0
v 33 167 0
v 33 168 0
v 33 169 0
v 33 170 0
v 33 171 0
v 33 172 0
v 33 173 0
v 33 174 0
v 33 175 0
v 33 176 0
v 33 177 0
v 33 178 0
v 33 179 0
v 33 180 0
v 33 181 0
v 33 183 0
v 33 184 0
v 33 185 0
v 33 186 0
v 33 187 0
v 33 188 0
v 33 189 0
v 33 190 0
v 33 191 0
v 33 192 0
v 33 193 0
v 33 194 0
v 33 195 0
v 33 196 0
v 33 197 0
v 33 198 0
v 33 199 0
v 33 200 0
v 33 201 0
v 33 202 0
v 33 203 0
v 33 204 0
v 33 206 0
v 33 207 0
v 33 208 0
v 33 209 0
v 33 210 0
v 33 211 0
v 33 212 0
v 33 213 0
v 33 214 0
v 33 215 0
v 33 216 0
v 33 217 0
v 33 218 0
v 33 219 0
v 33 220 0
v 33 221 0
v 33 222 0
v 33 223 0
v 33 224 0
v 33 225 0
v 33 226 0
v 33 227 0
v 33 228 0
v 33 229 0
v 33 230 0
v 33 231 0
v 33 232 0
v 33 233 0
v 33 234 0
v 33 235 0
v 33 236 0
v 33 237 0
v 33 238 0
v 33 239 0
v 33 240 0
v 33 241 0
v 33 242 0
v 33 243 0
v 33 244 0
v 33 245 0
v 33 246 0
v 33 247 0
v 33 248 0
v 33 249 0
v 33 250 0
v 33 251 0
v 33 252 0
v 33 253 0
v 33 254 0
v 33 255 0
v 33 256 0
v 33 257 0
v 33 258 0
v 33 259 0
v 33 260 0
v 33 261 0
v 33 262 0
v 33 263 0
v 33 264 0
v 33 265 0
v 33 266 0
v 33 267 0
v 33 268 0
v 33 269 0
v 33 270 0
v 33 271 0
v 33 272 0
v 33 273 0
v 33 274 0
v 33 275 0
v 33 276 0
v 33 277 0
v 33 278 0
v 33 279 0
v 33 280 0
v 33 281 0
v 33 282 0
v 33 283 0
v 33 284 0
v 33 285 0
v 33 286 0
v 33 287 0
v 33 288 0
v 33 289 0
v 33 290 0
v 33 291 0
v 33 292 0
v 33 293 0
v 33 294 0
v 33 295 0
v 33 296 0
v 33 297 0
v 33 298 0
v 33 299 0
v 33 300 0
v 33 301 0
v 33 302 0
v 33 303 0
v 33 304 0
v 33 305 0
v 33 306 0
v 33 307 0
v 33 308 0
v 33 309 0
v 33 310 0
v 33 311 0
v 33 312 0
v 33 313 0
v 33 314 0
v 33 315 0
v 33 316 0
v 33 317 0
v 33 318 0
v 33 319 0
v 33 320 0
v 33 321 0
v 33 322 0
v 33 323 0
v 33 324 0
v 33 325 0
v 33 326 0
v 33 327 0
v 33 328 0
v 33 329 0
v 33 330 0
v 33 331 0
v 33 332 0
v 33 333 0
v 33 334 0
v 33 336 0
v 33 337 0
v 33 338 0
v 33 339 0
v 33 340 0
v 33 341 0
v 33 342 0
v 33 343 0
v 33 344 0
v 33 345 0
v 33 346 0
v 33 347 0
v 33 348 0
v 33 349 0
v 33 350 0
v 33 351 0
v 33 352 0
v 33 353 0
v 33 354 0
v 33 355 0
v 33 356 0
v 33 357 0
v 33 358 0
v 33 359 0
v 33 360 0
v 33 361 0
v 33 362 0
v 33 363 0
v 33 364 0
v 33 365 0
v 33 366 0
v 33 367 0
v 33 368 0
v 33 369 0
v 33 370 0
v 33 371 0
v 33 372 0
v 33 373 0
v 33 374 0
v 33 375 0
v 33 376 0
v 33 377 0
v 33 378 0
v 33 379 0
v 33 380 0
v 33 381 0
v 33 382 0
v 34 127 0
v 34 128 0
v 34 129 0
v 34 130 0
v 34 131 0
v 34 132 0
v 34 133 0
v 34 134 0
v 34 135 0
v 34 136 0
v 34 137 0
v 34 138 0
v 34 139 0
v 34 140 0
v 34 141 0
v 34 142 0
v 34 143 0
v 34 144 0
v 34 145 0
v 34 146 0
v 34 147 0
v 34 148 0
v 34 149 0
v 34 150 0
v 34 151 0
v 34 152 0
v 34 153 0
v 34 154 0
v 34 155 0
v 34 156 0
v 34 157 0
v 34 158 0
v 34 159 0
v 34 160 0
v 34 161 0
v 34 162 0
v 34 163 0
v 34 164 0
v 34 165 0
v 34 166 0
v 34 167 0
v 34 168 0
v 34 169 0
v 34 170 0
v 34 171 0
v 34 172 0
v 34 173 0
v 34 174 0
v 34 175 0
v 34 176 0
v 34 177 0
v 34 178 0
v 34 179 0
v 34 180 0
v 34 181 0
v 34 182 0
v 34 183 0
v 34 184 0
v 34 185 0
v 34 186 0
v 34 187 0
v 34 188 0
v 34 189 0
v 34 190 0
v 34 191 0
v 34 192 0
v 34 193 0
v 34 194 0
v 34 195 0
v 34 196 0
v 34 197 0
v 34 198 0
v 34 199 0
v 34 200 0
v 34 201 0
v 34 202 0
v 34 203 0
v 34 204 0
v 34 205 0
v 34 206 0
v 34 207 0
v 34 208 0
v 34 209 0
v 34 210 0
v 34 211 0
v 34 212 0
v 34 213 0
v 34 214 0
v 34 215 0
v 34 216 0
v 34 217 0
v 34 218 0
v 34 219 0
v 34 220 0
v 34 221 0
v 34 222 0
v 34 223 0
v 34 224 0
v 34 225 0
v 34 226 0
v 34 227 0
v 34 228 0
v 34 229 0
v 34 230 0
v 34 231 0
v 34 232 0
v 34 233 0
v 34 234 0
v 34 235 0
v 34 236 0
v 34 237 0
v 34 238 0
v 34 239 0
v 34 240 0
v 34 241 0
v 34 242 0
v 34 243 0
v 34 244 0
v 34 245 0
v 34 246 0
v 34 247 0
v 34 248 0
v 34 249 0
v 34 250 0
v 34 251 0
v 34 252 0
v 34 253 0
v 34 254 0
v 34 255 0
v 34 256 0
v 34 257 0
v 34 258 0
v 34 259 0
v 34 260 0
v 34 261 0
v 34 262 0
v 34 263 0
v 34 264 0
v 34 265 0
v 34 266 0
v 34 267 0
v 34 268 0
v 34 269 0
v 34 270 0
v 34 271 0
v 34 272 0
v 34 273 0
v 34 274 0
v 34 275 0
v 34 276 0
v 34 277 0
v 34 278 0
v 34 279 0
v 34 280 0
v 34 281 0
v 34 282 0
v 34 283 0
v 34 284 0
v 34 285 0
v 34 286 0
v 34 287 0
v 34 288 0
v 34 289 0
v 34 290 0
v 34 291 0
v 34 292 0
v 34 293 0
v 34 294 0
v 34 295 0
v 34 296 0
v 34 297 0
v 34 299 0
v 34 300 0
v 34 301 0
v 34 302 0
v 34 303 0
v 34 304 0
v 34 305 0
v 34 306 0
v 34 307 0
v 34 308 0
v 34 309 0
v 34 310 0
v 34 311 0
v 34 312 0
v 34 313 0
v 34 314 0
v 34 315 0
v 34 316 0
v 34 317 0
v 34 318 0
v 34 319 0
v 34 320 0
v 34 321 0
v 34 322 0
v 34 323 0
v 34 324 0
v 34 325 0
v 34 326 0
v 34 327 0
v 34 328 0
v 34 329 0
v 34 330 0
v 34 331 0
v 34 332 0
v 34 333 0
v 34 334 0
v 34 335 0
v 34 336 0
v 34 337 0
v 34 338 0
v 34 339 0
v 34 340 0
v 34 341 0
v 34 342 0
v 34 343 0
v 34 344 0
v 34 345 0
v 34 346 0
v 34 347 0
v 34 348 0
v 34 349 0
v 34 350 0
v 34 351 0
v 34 352 0
v 34 353 0
v 34 354 0
v 34 355 0
v 34 356 0
v 34 357 0
v 34 358 0
v 34 359 0
v 34 360 0
v 34 361 0
v 34 362 0
v 34 363 0
v 34 364 0
v 34 365 0
v 34 366 0
v 34 367 0
v 34 368 0
v 34 369 0
v 34 370 0
v 34 371 0
v 34 372 0
v 34 373 0
v 34 374 0
v 34 375 0
v 34 376 0
v 34 377 0
v 34 378 0
v 34 379 0
v 34 380 0
v 34 381 0
v 34 382 0
v 34 383 0
v 34 384 0
v 35 126 0
v 35 127 0
v 35 128 0
v 35 129 0
v 35 130 0
v 35 131 0
v 35 132 0
v 35 133 0
v 35 134 0
v 35 135 0
v 35 136 0
v 35 137 0
v 35 138 0
v 35 139 0
v 35 140 0
v 35 141 0
v 35 142 0
v 35 143 0
v 35 144 0
v 35 145 0
v 35 146 0
v 35 147 0
v 35 148 0
v 35 149 0
v 35 150 0
v 35 151 0
v 35 152 0
v 35 153 0
v 35 154 0
v 35 155 0
v 35 156 0
v 35 157 0
v 35 158 0
v 35 159 0
v 35 160 0
v 35 161 0
v 35 162 0
v 35 163 0
v 35 164 0
v 35 165 0
v 35 166 0
v 35 167 0
v 35 168 0
v 35 169 0
v 35 170 0
v 35 171 0
v 35 172 0
v 35 173 0
v 35 174 0
v 35 175 0
v 35 176 0
v 35 177 0
v 35 178 0
v 35 179 0
v 35 180 0
v 35 181 0
v 35 182 0
v 35 183 0
v 35 184 0
v 35 185 0
v 35 186 0
v 35 187 0
v 35 188 0
v 35 189 0
v 35 190 0
v 35 191 0
v 35 192 0
v 35 193 0
v 35 194 0
v 35 195 0
v 35 196 0
v 35 197 0
v 35 198 0
v 35 199 0
v 35 200 0
v 35 201 0
v 35 202 0
v 35 203 0
v 35 204 0
v 35 205 0
v 35 206 0
v 35 207 0
v 35 208 0
v 35 209 0
v 35 210 0
v 35 211 0
v 35 212 0
v 35 213 0
v 35 214 0
v 35 215 0
v 35 216 0
v 35 217 0
v 35 218 0
v 35 219 0
v 35 220 0
v 35 221 0
v 35 222 0
v 35 223 0
v 35 224 0
v 35 225 0
v 35 226 0
v 35 227 0
v 35 228 0
v 35 229 0
v 35 230 0
v 35 231 0
v 35 232 0
v 35 233 0
v 35 234 0
v 35 235 0
v 35 236 0
v 35 237 0
v 35 238 0
v 35 239 0
v 35 240 0
v 35 241 0
v 35 242 0
v 35 243 0
v 35 244 0
v 35 245 0
v 35 246 0
v 35 247 0
v 35 248 0
v 35 249 0
v 35 250 0
v 35 251 0
v 35 252 0
v 35 253 0
v 35 254 0
v 35 255 0
v 35 256 0
v 35 257 0
v 35 258 0
v 35 259 0
v 35 260 0
v 35 261 0
v 35 262 0
v 35 263 0
v 35 264 0
v 35 265 0
v 35 266 0
v 35 267 0
v 35 268 0
v 35 269 0
v 35 270 0
v 35 271 0
v 35 272 0
v 35 273 0
v 35 274 0
v 35 275 0
v 35 276 0
v 35 277 0
v 35 278 0
v 35 279 0
v 35 280 0
v 35 281 0
v 35 282 0
v 35 283 0
v 35 284 0
v 35 285 0
v 35 286 0
v 35 287 0
v 35 288 0
v 35 289 0
v 35 290 0
v 35 291 0
v 35 292 0
v 35 293 0
v 35 294 0
v 35 295 0
v 35 296 0
v 35 297 0
v 35 299 0
v 35 300 0
v 35 301 0
v 35 302 0
v 35 303 0
v 35 304 0
v 35 305 0
v 35 306 0
v 35 307 0
v 35 308 0
v 35 309 0
v 35 310 0
v 35 311 0
v 35 312 0
v 35 313 0
v 35 314 0
v 35 315 0
v 35 316 0
v 35 317 0
v 35 318 0
v 35 319 0
v 35 320 0
v 35 321 0
v 35 322 0
v 35 323 0
v 35 324 0
v 35 325 0
v 35 326 0
v 35 327 0
v 35 328 0
v 35 329 0
v 35 330 0
v 35 331 0
v 35 332 0
v 35 333 0
v 35 334 0
v 35 335 0
v 35 336 0
v 35 337 0
v 35 338 0
v 35 339 0
v 35 340 0
v 35 341 0
v 35 342 0
v 35 343 0
v 35 344 0
v 35 345 0
v 35 346 0
v 35 347 0
v 35 348 0
v 35 349 0
v 35 350 0
v 35 351 0
v 35 352 0
v 35 353 0
v 35 354 0
v 35 355 0
v 35 356 0
v 35 357 0
v 35 358 0
v 35 359 0
v 35 360 0
v 35 361 0
v 35 362 0
v 35 363 0
v 35 364 0
v 35 365 0
v 35 366 0
v 35 367 0
v 35 368 0
v 35 369 0
v 35 370 0
v 35 372 0
v 35 373 0
v 35 374 0
v 35 375 0
v 35 376 0
v 35 377 0
v 35 378 0
v 35 379 0
v 35 380 0
v 35 381 0
v 35 382 0
v 35 383 0
v 35 384 0
v 35 385 0
v 36 124 0
v 36 125 0
v 36 126 0
v 36 127 0
v 36 128 0
v 36 129 0
v 36 130 0
v 36 131 0
v 36 132 0
v 36 133 0
v 36 134 0
v 36 135 0
v 36 136 0
v 36 137 0
v 36 138 0
v 36 139 0
v 36 140 0
v 36 141 0
v 36 142 0
v 36 143 0
v 36 144 0
v 36 145 0
v 36 146 0
v 36 147 0
v 36 148 0
v 36 149 0
v 36 150 0
v 36 151 0
v 36 152 0
v 36 153 0
v 36 154 0
v 36 155 0
v 36 156 0
v 36 157 0
v 36 158 0
v 36 159 0
v 36 160 0
v 36 161 0
v 36 162 0
v 36 163 0
v 36 164 0